23,3,9,6,1801
13,1,10,5,1802
17,21,5,5,1803
5,8,3,11,1804
16,9,6,5,1805
17,19,4,8,1806
21,23,10,7,1807
15,17,5,8,1808
8,6,5,8,1809
17,5,2,3,1810
15,1,4,7,1811
7,20,8,11,1812
24,7,9,9,1813
12,15,3,5,1814
10,1,8,6,1815
13,10,3,11,1816
8,15,8,9,1817
2,21,4,5,1818
4,18,10,8,1819
22,4,7,6,1820
2,3,6,9,1821
8,22,7,7,1822
5,12,9,10,1823
2,20,6,6,1824
4,3,2,10,1825
15,13,9,4,1826
3,19,10,9,1827
5,18,4,11,1828
18,6,7,4,1829
5,13,7,5,1830
8,20,2,5,1831
6,1,5,10,1832
9,21,5,7,1833
9,21,10,3,1834
23,11,9,6,1835
12,16,7,9,1836
16,21,9,11,1837
2,24,7,4,1838
21,3,3,7,1839
12,19,8,4,1840
9,13,5,3,1841
1,15,2,7,1842
10,18,6,8,1843
6,11,3,11,1844
3,17,4,7,1845
11,19,2,2,1846
18,2,6,7,1847
1,17,7,11,1848
3,4,7,7,1849
15,7,10,4,1850
13,15,7,4,1751
23,6,7,9,1752
2,3,2,7,1753
23,15,3,6,1754
2,9,2,7,1755
3,4,5,4,1756
23,13,6,10,1757
16,14,7,2,1758
20,8,3,7,1759
7,6,4,2,1760
