13,8,3,3,2347
2,5,10,4,2348
13,11,3,8,2349
3,13,8,3,2350
2,12,5,10,2351
2,14,2,7,2352
15,6,7,4,2353
13,6,2,7,2354
3,11,8,3,2355
1,4,8,7,2356
13,5,8,2,2357
4,6,8,9,2358
5,1,5,10,2359
9,11,7,4,2360
3,8,2,6,2361
2,1,5,8,2362
13,1,9,4,2363
4,7,5,3,2364
13,1,10,5,2365
2,10,5,7,2366
3,15,5,8,2367
15,12,6,7,2368
2,4,2,2,2369
13,14,4,3,2370
10,14,10,6,2371
11,9,3,11,2372
8,10,7,7,2373
10,7,4,3,2374
6,12,3,7,2375
9,8,8,8,2376
13,7,10,2,2377
6,3,8,4,2378
13,9,4,9,2379
4,9,2,8,2380
8,15,8,2,2381
13,10,5,7,2382
1,12,9,7,2383
13,6,4,7,2384
5,11,3,10,2385
7,11,3,9,2386
11,13,9,7,2387
8,4,8,10,2388
10,7,4,6,2389
11,7,3,7,2390
4,1,7,4,2391
11,12,8,8,2392
13,4,8,3,2393
13,15,10,11,2394
1,5,5,9,2395
9,15,5,11,2396
15,2,2,4,2397
12,10,9,5,2296
13,3,7,2,2297
5,12,4,6,2298
4,3,7,5,2299
14,15,8,6,2300
8,15,5,3,2301
15,13,5,2,2302
2,5,6,7,2303
15,6,6,5,2304
12,14,6,3,2305
