1,8,9,2,1851
7,17,3,2,1852
2,22,2,3,1853
17,8,4,7,1854
17,7,9,6,1855
11,4,9,9,1856
20,19,4,2,1857
10,1,2,4,1858
22,21,6,3,1859
11,14,3,5,1860
20,9,8,9,1861
20,4,10,4,1862
24,16,3,2,1863
3,5,5,8,1864
17,8,9,3,1865
23,13,4,3,1866
3,17,5,2,1867
18,6,6,3,1868
15,10,7,5,1869
21,22,10,7,1870
8,24,8,5,1871
3,5,4,4,1872
7,11,2,7,1873
11,4,4,9,1874
3,15,8,11,1875
24,13,3,7,1876
2,24,6,7,1877
9,6,10,10,1878
24,20,8,5,1879
23,2,4,6,1880
18,17,9,3,1881
15,4,6,8,1882
16,6,3,3,1883
17,18,5,2,1884
16,14,8,3,1885
6,15,8,8,1886
8,4,3,2,1887
13,12,9,4,1888
21,11,5,4,1889
4,17,2,10,1890
12,8,3,3,1891
13,3,2,4,1892
15,14,2,4,1893
23,22,3,9,1894
23,17,7,3,1895
24,21,3,6,1896
18,7,9,8,1897
17,2,3,4,1898
22,14,6,10,1899
10,13,5,8,1900
23,3,8,6,1801
13,1,3,5,1802
17,21,6,5,1803
5,8,2,11,1804
16,9,7,5,1805
17,19,7,8,1806
21,23,9,7,1807
15,17,6,8,1808
8,6,8,8,1809
17,5,4,3,1810
