3,2,8,4,1633
15,13,10,11,1634
4,1,5,11,1635
11,14,10,2,1636
11,4,2,9,1637
12,4,5,10,1638
13,6,4,3,1639
11,14,4,8,1640
3,15,3,11,1641
5,1,10,6,1642
2,7,5,6,1643
9,6,9,9,1644
11,10,8,10,1645
11,15,3,6,1646
8,3,4,10,1647
4,10,2,11,1648
15,4,3,3,1649
6,14,10,8,1650
8,14,7,4,1651
15,12,8,10,1652
6,3,10,10,1653
6,11,8,3,1654
2,5,4,9,1655
10,2,8,9,1656
12,10,5,3,1657
15,9,8,7,1658
5,11,2,7,1659
7,1,9,2,1660
12,4,5,10,1661
15,13,3,6,1662
9,4,2,9,1663
4,10,8,3,1664
4,10,10,8,1665
10,4,10,11,1666
13,15,6,4,1667
14,3,10,7,1668
13,6,9,9,1669
2,14,9,9,1670
7,5,3,2,1671
3,7,9,2,1672
5,6,3,10,1673
15,12,8,10,1674
13,4,5,3,1675
14,7,6,4,1676
8,5,10,5,1677
4,6,9,11,1678
13,6,3,9,1679
2,12,9,8,1680
11,2,4,4,1681
12,11,10,6,1682
11,7,8,8,1683
2,1,5,10,1582
4,9,4,11,1583
15,1,2,8,1584
9,1,9,8,1585
12,11,10,6,1586
1,13,6,4,1587
15,14,10,10,1588
3,5,6,4,1589
13,6,2,11,1590
7,9,9,6,1591
