11,10,5,5,1531
7,6,7,6,1532
12,15,8,4,1533
2,14,7,2,1534
15,6,7,3,1535
3,11,7,7,1536
13,3,2,11,1537
6,5,9,11,1538
10,11,6,2,1539
6,5,8,5,1540
4,2,10,4,1541
7,2,7,3,1542
14,9,9,9,1543
2,9,5,4,1544
4,10,10,5,1545
13,1,8,2,1546
1,3,6,5,1547
13,11,2,5,1548
7,4,8,9,1549
14,5,10,4,1550
3,10,8,7,1551
14,13,2,11,1552
4,15,3,6,1553
6,14,3,4,1554
12,11,3,10,1555
14,11,3,10,1556
3,13,10,8,1557
12,15,10,7,1558
5,3,10,2,1559
13,8,3,10,1560
12,3,10,6,1561
9,6,6,6,1562
12,9,3,8,1563
14,9,4,8,1564
5,4,5,4,1565
2,9,8,5,1566
3,1,5,7,1567
13,6,6,7,1568
3,14,2,3,1569
10,9,9,7,1570
5,7,5,3,1571
2,7,4,5,1572
13,8,2,5,1573
3,15,10,8,1574
11,9,4,3,1575
14,1,2,4,1576
5,12,3,11,1577
2,10,5,5,1578
8,2,7,2,1579
11,2,4,8,1580
12,10,3,7,1581
4,2,2,11,1480
5,12,4,4,1481
1,6,5,3,1482
4,13,7,8,1483
11,12,4,4,1484
15,1,7,5,1485
4,8,3,3,1486
6,5,3,7,1487
1,7,8,10,1488
14,8,2,6,1489
