14,24,4,2,251
9,6,10,9,252
13,18,9,7,253
16,11,6,9,254
24,19,2,8,255
13,15,2,2,256
19,1,5,3,257
18,1,9,9,258
12,21,3,4,259
19,21,6,3,260
10,14,8,2,261
8,21,5,7,262
21,12,7,9,263
6,4,3,6,264
19,18,5,3,265
6,4,6,11,266
2,10,2,8,267
2,19,9,10,268
16,22,8,8,269
24,7,2,8,270
5,3,2,3,271
24,14,8,4,272
19,10,7,4,273
14,9,4,3,274
24,11,7,8,275
15,9,5,11,276
9,5,4,3,277
12,16,4,2,278
2,22,2,9,279
23,16,7,5,280
15,12,3,6,281
17,13,8,11,282
17,23,5,2,283
4,11,3,3,284
18,14,4,3,285
6,8,9,11,286
21,9,9,9,287
21,6,2,4,288
17,15,3,2,289
5,19,3,7,290
16,12,6,5,291
24,18,4,5,292
14,16,8,2,293
14,8,2,5,294
15,14,8,3,295
24,13,5,2,296
2,22,10,11,297
24,18,2,4,298
17,6,10,9,299
16,8,9,11,300
20,2,10,9,201
14,22,6,9,202
8,23,7,3,203
2,5,10,11,204
2,19,3,6,205
3,24,6,9,206
18,6,10,4,207
15,9,3,6,208
17,3,7,3,209
22,14,10,2,210
