11,13,9,7,1276
4,13,10,8,1277
4,10,8,5,1278
1,11,8,9,1279
12,7,5,10,1280
14,11,10,7,1281
12,11,8,8,1282
1,11,9,10,1283
4,15,3,10,1284
11,12,5,3,1285
12,11,4,7,1286
8,6,4,9,1287
11,13,2,8,1288
9,4,10,11,1289
1,10,7,2,1290
7,11,10,10,1291
12,9,2,6,1292
14,12,6,5,1293
6,14,6,5,1294
11,14,2,10,1295
4,5,10,5,1296
9,8,7,11,1297
5,11,9,8,1298
9,10,3,4,1299
15,1,8,7,1300
3,12,3,5,1301
6,5,6,10,1302
9,13,9,9,1303
4,9,7,2,1304
10,12,8,3,1305
2,4,9,11,1306
4,8,2,7,1307
5,13,10,10,1308
15,2,6,11,1309
4,10,10,8,1310
4,12,9,11,1311
1,11,6,6,1312
13,12,5,9,1313
8,10,10,8,1314
10,3,10,7,1315
5,4,8,9,1316
14,1,9,6,1317
15,6,3,3,1318
6,8,2,7,1319
2,4,10,5,1320
2,11,3,10,1321
13,3,7,8,1322
7,8,2,8,1323
5,11,9,7,1324
4,6,10,6,1325
9,12,4,2,1326
13,14,7,2,1225
4,3,7,7,1226
15,6,9,10,1227
11,14,4,5,1228
3,14,10,8,1229
3,10,4,5,1230
7,8,7,5,1231
1,7,2,10,1232
11,13,9,8,1233
15,2,10,8,1234
