9,5,5,9,2602
7,4,6,4,2603
1,2,6,9,2604
5,12,8,7,2605
7,8,4,7,2606
7,5,8,2,2607
11,8,8,10,2608
10,8,2,5,2609
12,1,8,4,2610
15,11,3,11,2611
7,15,9,10,2612
1,5,8,5,2613
10,3,10,2,2614
8,6,9,7,2615
9,7,4,2,2616
12,2,5,11,2617
15,11,9,6,2618
13,15,7,6,2619
8,12,2,3,2620
5,10,2,10,2621
3,11,10,6,2622
12,5,6,8,2623
8,7,2,4,2624
4,3,6,8,2625
15,5,6,5,2626
8,4,7,5,2627
5,12,8,5,2628
4,8,6,3,2629
2,3,6,3,2630
14,10,9,9,2631
1,8,9,11,2632
15,13,9,3,2633
6,15,10,6,2634
7,3,8,2,2635
4,3,7,10,2636
1,5,6,7,2637
5,15,7,4,2638
14,4,4,2,2639
6,12,10,8,2640
9,15,5,10,2641
4,10,7,4,2642
10,11,5,7,2643
6,9,9,6,2644
4,9,10,2,2645
1,8,6,3,2646
7,6,10,4,2647
14,10,8,2,2648
4,9,10,9,2649
3,8,9,4,2650
4,2,5,9,2651
5,1,7,7,2652
4,1,3,7,2551
1,2,5,2,2552
13,4,3,4,2553
4,8,6,11,2554
4,8,2,10,2555
1,13,3,6,2556
13,4,7,10,2557
7,12,4,3,2558
9,15,3,10,2559
8,5,3,9,2560
