1,11,4,5,460
13,3,7,8,461
15,11,2,8,462
9,14,2,11,463
12,3,7,3,464
4,6,4,10,465
3,5,4,6,466
2,11,5,2,467
6,3,8,2,468
10,6,6,8,469
13,9,4,11,470
13,3,2,3,471
15,8,9,11,472
7,6,6,11,473
3,10,9,9,474
7,1,9,8,475
13,3,5,2,476
1,4,4,3,477
12,15,7,4,478
3,15,3,5,479
15,7,2,2,480
9,6,10,3,481
3,7,5,11,482
14,3,10,8,483
12,15,4,9,484
14,1,7,9,485
9,10,2,10,486
5,12,5,2,487
11,15,10,9,488
12,7,2,7,489
2,11,9,5,490
3,7,8,8,491
8,7,2,6,492
14,1,2,9,493
6,1,4,6,494
10,3,3,5,495
8,12,2,4,496
5,6,6,2,497
2,8,2,2,498
4,5,9,7,499
9,5,8,9,500
12,8,6,3,501
1,12,6,3,502
1,3,5,8,503
9,4,3,11,504
1,14,2,2,505
6,14,4,11,506
3,14,3,11,507
14,9,9,7,508
13,14,9,7,509
15,7,7,4,510
11,7,6,5,409
8,4,10,4,410
12,4,2,2,411
2,3,5,3,412
9,7,7,6,413
10,5,2,5,414
10,8,7,7,415
12,2,2,9,416
2,9,5,10,417
3,2,7,4,418
