17,21,10,2,2701
22,15,3,2,2702
10,1,9,7,2703
24,19,2,11,2704
12,7,6,11,2705
3,21,8,10,2706
10,22,3,9,2707
2,1,3,3,2708
7,8,3,9,2709
1,2,2,8,2710
21,20,6,2,2711
10,23,6,2,2712
13,7,3,10,2713
3,5,4,9,2714
20,12,4,3,2715
11,9,4,9,2716
7,24,8,9,2717
14,21,8,5,2718
4,22,5,4,2719
22,7,4,9,2720
13,4,10,10,2721
18,17,10,9,2722
20,5,3,9,2723
22,16,2,5,2724
19,11,3,6,2725
5,22,10,2,2726
5,13,9,11,2727
8,9,8,8,2728
20,5,4,4,2729
23,4,6,8,2730
23,5,5,10,2731
7,21,8,7,2732
6,2,6,4,2733
5,24,8,4,2734
11,15,4,6,2735
4,9,3,10,2736
21,7,8,8,2737
13,5,7,3,2738
7,9,5,5,2739
10,2,9,2,2740
23,21,6,9,2741
24,8,5,2,2742
15,6,10,5,2743
6,13,4,2,2744
12,16,7,3,2745
20,21,4,6,2746
22,14,9,6,2747
21,2,8,11,2748
3,20,3,10,2749
24,10,4,8,2750
12,17,10,6,2651
3,11,3,6,2652
6,9,4,4,2653
8,21,3,5,2654
15,4,7,11,2655
17,10,7,4,2656
8,22,6,11,2657
14,23,3,4,2658
9,14,4,3,2659
17,23,6,11,2660
