13,10,3,7,3601
9,8,8,8,3602
23,14,7,7,3603
23,24,4,10,3604
22,15,10,2,3605
3,6,2,10,3606
15,16,5,11,3607
17,10,5,7,3608
13,10,3,5,3609
5,11,7,6,3610
8,19,7,7,3611
15,17,2,10,3612
5,19,10,8,3613
20,9,10,9,3614
21,17,8,5,3615
19,6,9,3,3616
2,19,5,2,3617
10,21,8,3,3618
18,21,5,8,3619
15,17,8,2,3620
10,19,8,8,3621
21,8,3,11,3622
9,10,2,2,3623
13,15,6,9,3624
8,10,4,2,3625
21,24,9,11,3626
8,23,3,9,3627
22,3,4,11,3628
5,14,5,8,3629
3,24,3,2,3630
22,3,4,5,3631
12,2,6,9,3632
1,6,9,8,3633
6,17,6,6,3634
13,24,10,10,3635
13,7,7,7,3636
3,16,9,7,3637
20,6,10,9,3638
4,14,10,11,3639
8,14,5,3,3640
7,19,6,10,3641
10,18,9,6,3642
22,19,8,5,3643
20,8,7,11,3644
2,6,9,5,3645
2,24,6,5,3646
8,12,2,2,3647
16,9,7,5,3648
12,1,6,6,3649
10,21,4,4,3650
20,3,4,9,3551
6,8,7,8,3552
13,1,9,7,3553
11,4,8,10,3554
14,15,9,7,3555
24,16,3,2,3556
8,11,8,10,3557
11,20,5,9,3558
18,24,9,6,3559
19,5,2,8,3560
