13,2,7,5,4051
7,9,4,5,4052
16,9,9,8,4053
24,1,5,7,4054
14,3,8,8,4055
21,12,8,3,4056
8,24,3,11,4057
4,15,6,2,4058
12,21,4,8,4059
20,18,8,3,4060
7,15,10,9,4061
21,18,5,9,4062
19,18,7,11,4063
12,11,4,7,4064
11,8,7,7,4065
2,19,4,7,4066
20,11,3,4,4067
2,16,7,6,4068
13,7,4,6,4069
9,12,6,5,4070
22,21,5,11,4071
12,9,5,5,4072
13,23,3,3,4073
2,19,8,9,4074
19,8,4,8,4075
20,6,4,7,4076
7,22,2,3,4077
22,19,10,11,4078
5,7,10,2,4079
8,5,6,5,4080
20,3,2,5,4081
19,11,4,3,4082
3,13,4,5,4083
2,23,3,11,4084
4,11,4,5,4085
7,2,5,9,4086
5,17,9,3,4087
12,18,6,3,4088
4,9,9,11,4089
10,20,4,4,4090
16,6,2,10,4091
4,20,2,7,4092
20,17,7,8,4093
16,2,10,7,4094
4,16,9,9,4095
5,24,5,10,4096
1,9,8,6,4097
20,13,6,3,4098
22,15,10,4,4099
22,18,4,7,4100
1,23,8,4,4001
6,3,10,7,4002
13,1,8,10,4003
24,15,9,4,4004
23,2,10,4,4005
2,15,7,9,4006
15,23,5,2,4007
6,5,5,3,4008
10,15,8,8,4009
11,14,4,3,4010
