10,1,4,4,4183
12,9,5,5,4184
2,4,7,6,4185
7,12,9,11,4186
1,3,10,4,4187
1,8,9,10,4188
6,11,6,11,4189
3,8,9,5,4190
15,10,9,7,4191
7,3,3,7,4192
11,9,7,3,4193
2,15,9,3,4194
3,5,6,3,4195
1,3,5,6,4196
10,13,8,10,4197
11,15,2,3,4198
3,15,10,9,4199
6,7,5,4,4200
10,4,6,6,4201
12,11,8,10,4202
11,1,10,3,4203
6,9,8,2,4204
3,15,7,10,4205
6,11,8,10,4206
12,9,2,4,4207
4,12,5,7,4208
15,3,9,3,4209
2,6,4,8,4210
7,4,8,11,4211
9,7,7,11,4212
8,5,2,5,4213
11,9,7,3,4214
6,9,2,4,4215
1,4,10,5,4216
5,10,5,7,4217
13,10,7,8,4218
3,14,8,9,4219
2,7,2,2,4220
9,2,3,11,4221
2,3,8,3,4222
11,12,6,5,4223
2,13,6,11,4224
7,3,7,3,4225
9,14,7,9,4226
10,2,8,10,4227
13,4,9,10,4228
9,5,8,3,4229
12,8,5,9,4230
14,4,8,9,4231
7,11,10,11,4232
11,8,6,10,4233
2,1,5,5,4132
9,11,6,7,4133
10,3,4,3,4134
11,13,6,8,4135
11,15,2,5,4136
14,3,8,2,4137
4,8,7,2,4138
3,1,4,7,4139
6,11,8,4,4140
9,5,9,7,4141
