2,24,5,9,1551
8,10,10,2,1552
11,9,3,2,1553
22,2,3,5,1554
1,7,2,6,1555
15,21,8,2,1556
9,1,2,11,1557
2,3,4,6,1558
5,8,9,9,1559
21,13,3,10,1560
4,7,7,5,1561
6,8,5,9,1562
22,9,3,6,1563
6,1,7,2,1564
5,2,3,7,1565
22,10,10,6,1566
16,5,6,5,1567
16,19,8,5,1568
20,15,6,7,1569
4,12,7,5,1570
13,9,3,10,1571
22,9,6,5,1572
23,20,2,8,1573
17,9,5,3,1574
2,11,6,9,1575
17,21,5,9,1576
14,16,10,6,1577
3,2,8,3,1578
18,10,2,7,1579
22,16,9,5,1580
17,14,3,6,1581
2,21,6,4,1582
4,1,6,11,1583
12,22,4,8,1584
19,15,2,5,1585
24,11,5,11,1586
7,24,3,9,1587
13,14,5,7,1588
3,10,8,5,1589
22,13,6,10,1590
13,14,5,4,1591
5,10,2,5,1592
18,22,2,5,1593
14,17,9,6,1594
9,5,5,11,1595
6,18,6,11,1596
23,16,5,2,1597
17,14,5,8,1598
12,16,8,2,1599
2,22,6,4,1600
5,4,2,5,1501
2,4,5,8,1502
18,7,2,11,1503
18,20,9,11,1504
6,15,3,2,1505
11,17,5,5,1506
16,2,5,3,1507
5,9,3,5,1508
8,9,2,10,1509
19,6,3,6,1510
