6,5,3,10,4948
13,11,10,6,4949
10,1,6,4,4950
11,7,10,4,4951
10,2,4,2,4952
2,11,4,3,4953
15,7,5,4,4954
4,3,6,4,4955
8,4,4,5,4956
4,5,9,6,4957
1,11,7,7,4958
3,10,10,5,4959
2,4,5,10,4960
11,9,8,7,4961
7,2,7,4,4962
14,11,6,6,4963
12,9,2,11,4964
7,14,2,10,4965
4,13,2,11,4966
4,10,3,7,4967
2,12,2,3,4968
3,13,6,7,4969
8,13,3,7,4970
11,13,7,8,4971
5,3,10,5,4972
6,11,8,11,4973
8,1,8,4,4974
2,5,5,10,4975
13,3,8,3,4976
2,12,8,9,4977
3,2,8,6,4978
8,11,9,10,4979
8,11,7,2,4980
9,13,6,11,4981
9,11,3,5,4982
11,1,9,8,4983
11,3,2,4,4984
14,8,3,11,4985
1,4,9,3,4986
10,14,7,5,4987
13,14,4,7,4988
15,4,6,3,4989
1,14,7,9,4990
2,7,5,5,4991
6,4,3,5,4992
1,7,2,9,4993
10,5,3,9,4994
5,1,10,11,4995
4,13,5,6,4996
5,2,5,11,4997
13,1,3,4,4998
13,6,2,4,4897
8,15,2,4,4898
13,11,3,7,4899
15,14,7,5,4900
2,11,4,4,4901
9,13,4,8,4902
6,2,10,11,4903
7,5,5,9,4904
4,8,4,6,4905
9,12,7,11,4906
