2,5,2,2,1123
8,1,3,10,1124
9,8,10,5,1125
14,1,9,7,1126
4,2,4,3,1127
9,3,5,6,1128
1,5,5,2,1129
1,5,2,6,1130
1,5,4,6,1131
5,10,7,3,1132
7,12,4,2,1133
12,13,6,11,1134
8,2,5,9,1135
14,5,3,4,1136
15,9,5,2,1137
11,15,6,5,1138
7,4,4,11,1139
14,6,8,6,1140
14,9,10,2,1141
3,1,2,2,1142
4,7,6,11,1143
9,14,10,6,1144
7,11,2,10,1145
8,7,3,8,1146
11,1,4,8,1147
3,11,10,11,1148
3,13,10,6,1149
1,12,4,11,1150
13,5,9,3,1151
2,1,4,8,1152
14,12,6,4,1153
9,10,8,5,1154
11,9,5,6,1155
4,13,2,2,1156
3,5,7,2,1157
15,6,7,3,1158
5,1,6,7,1159
14,5,7,9,1160
1,6,8,10,1161
9,15,8,5,1162
6,4,8,3,1163
7,6,7,7,1164
1,6,5,7,1165
9,7,6,3,1166
11,5,3,3,1167
14,4,4,4,1168
5,12,5,10,1169
2,6,10,9,1170
10,9,7,7,1171
6,5,4,7,1172
5,8,10,8,1173
12,6,6,10,1072
3,15,7,10,1073
15,2,8,6,1074
2,8,7,7,1075
4,7,4,6,1076
5,10,10,5,1077
7,2,7,5,1078
11,1,4,9,1079
1,14,10,2,1080
4,10,7,10,1081
