0,1,110,4,1
0,2,186,4,2
0,3,168,4,3
0,4,121,4,4
0,5,163,4,5
0,6,126,4,6
0,7,145,4,7
0,17,131,4,8
0,27,174,4,9
0,28,185,4,10
0,29,120,4,11
0,30,102,4,12
0,34,181,4,13
0,35,153,4,14
0,36,117,4,15
0,37,161,4,16
0,38,191,4,17
0,39,119,4,18
1,11,111,4,19
1,12,172,4,20
1,13,138,4,21
1,14,113,4,22
1,15,126,4,23
1,16,193,4,24
1,17,125,4,25
1,18,142,4,26
1,19,116,4,27
1,20,149,4,28
1,21,183,4,29
1,22,187,4,30
1,23,134,4,31
1,24,168,4,32
1,25,149,4,33
1,26,123,4,34
1,27,117,4,35
1,28,173,4,36
1,24,168,4,37
1,25,149,4,38
1,26,123,4,39
1,27,117,4,40
1,28,173,4,41
1,29,138,4,42
1,30,149,4,43
1,31,142,4,44
1,32,140,4,45
1,33,146,4,46
1,34,164,4,47
1,35,190,4,48
1,36,168,4,49
1,37,106,4,50
1,38,182,4,51
1,39,178,4,52
2,3,155,4,53
2,4,159,4,54
2,5,116,4,55
2,6,110,4,56
2,7,114,4,57
2,8,150,4,58
2,9,122,4,59
2,10,196,4,60
2,11,123,4,61
2,12,198,4,62
2,13,193,4,63
2,14,113,4,64
2,15,173,4,65
2,20,141,4,66
2,21,106,4,67
2,22,180,4,68
2,23,123,4,69
2,24,116,4,70
2,25,177,4,71
2,26,109,4,72
2,27,109,4,73
2,28,137,4,74
2,29,139,4,75
2,30,191,4,76
2,31,131,4,77
2,32,115,4,78
2,33,128,4,79
2,34,121,4,80
2,35,147,4,81
2,36,186,4,82
2,37,155,4,83
2,38,186,4,84
2,39,119,4,85
3,4,155,4,86
3,5,105,4,87
3,6,160,4,88
3,7,128,4,89
3,8,188,4,90
3,9,155,4,91
3,10,188,4,92
3,11,158,4,93
3,12,169,4,94
3,13,166,4,95
3,14,150,4,96
3,15,152,4,97
3,16,124,4,98
3,17,117,4,99
3,18,154,4,100
3,19,119,4,101
3,20,135,4,102
3,21,137,4,103
3,22,140,4,104
3,23,174,4,105
3,24,104,4,106
3,25,116,4,107
3,26,132,4,108
3,27,167,4,109
3,28,142,4,110
3,29,163,4,111
4,8,142,4,112
4,9,187,4,113
4,10,143,4,114
4,11,131,4,115
4,12,106,4,116
4,13,142,4,117
4,14,103,4,118
4,15,109,4,119
4,16,140,4,120
4,17,103,4,121
4,18,112,4,122
4,19,178,4,123
4,20,143,4,124
4,21,109,4,125
4,22,152,4,126
4,23,124,4,127
4,24,161,4,128
4,25,159,4,129
4,26,189,4,130
4,27,194,4,131
4,28,124,4,132
4,29,152,4,133
4,30,125,4,134
4,31,157,4,135
4,32,168,4,136
5,6,103,4,137
5,7,170,4,138
5,8,171,4,139
5,9,169,4,140
5,10,146,4,141
5,11,174,4,142
5,12,147,4,143
5,13,199,4,144
5,14,109,4,145
5,15,179,4,146
5,16,166,4,147
5,17,151,4,148
5,18,152,4,149
5,19,119,4,150
5,20,131,4,151
5,21,114,4,152
5,22,131,4,153
5,23,165,4,154
5,24,142,4,155
5,25,171,4,156
5,26,140,4,157
5,27,136,4,158
5,28,150,4,159
5,29,135,4,160
5,30,193,4,161
5,31,133,4,162
5,32,172,4,163
5,33,126,4,164
5,34,118,4,165
5,35,183,4,166
5,36,160,4,167
5,37,152,4,168
5,38,131,4,169
5,39,158,4,170
6,7,170,4,171
6,8,154,4,172
6,9,100,4,173
6,10,170,4,174
6,11,126,4,175
6,12,175,4,176
6,13,183,4,177
6,14,136,4,178
6,15,195,4,179
6,16,103,4,180
6,17,163,4,181
6,18,136,4,182
6,19,146,4,183
6,20,149,4,184
6,21,143,4,185
6,22,147,4,186
6,23,158,4,187
6,24,103,4,188
6,25,106,4,189
6,26,128,4,190
6,27,185,4,191
6,28,199,4,192
6,29,113,4,193
6,30,154,4,194
6,31,153,4,195
15,31,106,4,196
15,32,190,4,197
15,33,107,4,198
15,34,115,4,199
15,35,121,4,200
15,36,196,4,201
15,37,169,4,202
15,38,120,4,203
15,39,102,4,204
16,17,134,4,205
16,18,166,4,206
16,19,134,4,207
16,20,176,4,208
16,21,160,4,209
16,22,191,4,210
16,23,149,4,211
16,24,109,4,212
16,25,124,4,213
16,26,111,4,214
16,27,159,4,215
16,28,113,4,216
16,29,142,4,217
16,30,105,4,218
16,31,194,4,219
16,32,136,4,220
16,33,166,4,221
16,34,151,4,222
16,35,113,4,223
16,36,163,4,224
16,37,189,4,225
16,38,174,4,226
16,39,170,4,227
17,18,179,4,228
17,19,118,4,229
17,20,165,4,230
17,21,120,4,231
17,22,136,4,232
17,23,145,4,233
17,24,151,4,234
17,25,151,4,235
17,26,114,4,236
17,27,164,4,237
17,28,154,4,238
17,29,133,4,239
17,30,139,4,240
17,31,108,4,241
17,32,197,4,242
17,33,101,4,243
17,34,157,4,244
17,35,113,4,245
17,36,194,4,246
17,37,124,4,247
17,38,142,4,248
17,39,186,4,249
29,31,155,4,250
29,32,171,4,251
29,33,134,4,252
29,34,136,4,253
29,35,120,4,254
29,36,109,4,255
29,37,197,4,256
29,38,139,4,257
29,39,108,4,258
30,31,192,4,259
30,32,175,4,260
30,33,115,4,261
30,34,178,4,262
30,35,137,4,263
30,36,118,4,264
30,37,197,4,265
30,38,111,4,266
30,39,117,4,267
31,32,164,4,268
31,33,162,4,269
31,34,140,4,270
31,35,150,4,271
31,36,190,4,272
31,37,170,4,273
31,38,169,4,274
31,39,142,4,275
32,33,134,4,276
32,34,159,4,277
32,35,175,4,278
32,36,114,4,279
32,37,156,4,280
32,38,151,4,281
32,39,142,4,282
33,34,149,4,283
33,35,109,4,284
33,36,138,4,285
33,37,153,4,286
33,38,196,4,287
33,39,162,4,288
34,35,129,4,289
34,36,146,4,290
34,37,128,4,291
34,38,109,4,292
34,39,124,4,293
35,36,130,4,294
35,37,199,4,295
35,38,122,4,296
35,39,139,4,297
36,37,163,4,298
36,38,119,4,299
36,39,103,4,300