2,16,5,7,2901
8,12,4,10,2902
2,17,7,3,2903
22,1,6,2,2904
17,3,3,7,2905
7,4,5,8,2906
4,24,3,8,2907
18,24,3,5,2908
17,18,6,9,2909
10,17,2,3,2910
16,7,3,4,2911
20,22,4,8,2912
15,7,9,11,2913
23,15,7,7,2914
24,3,7,6,2915
23,1,7,11,2916
19,21,6,4,2917
7,20,8,9,2918
6,2,9,6,2919
22,10,9,5,2920
19,21,5,7,2921
7,9,3,10,2922
5,24,10,10,2923
8,19,10,7,2924
19,9,6,2,2925
10,14,6,2,2926
18,7,5,5,2927
5,22,2,11,2928
18,19,4,8,2929
23,22,5,5,2930
9,12,3,10,2931
4,23,8,2,2932
18,23,8,2,2933
8,18,9,7,2934
20,8,4,4,2935
15,1,7,7,2936
14,1,10,7,2937
6,22,2,4,2938
18,14,7,5,2939
10,19,3,2,2940
5,13,3,6,2941
1,12,8,5,2942
19,24,9,4,2943
11,20,3,3,2944
10,6,10,9,2945
6,22,9,4,2946
10,7,8,11,2947
17,8,5,3,2948
21,2,4,7,2949
23,13,2,9,2950
9,24,3,2,2851
9,13,3,11,2852
14,17,10,7,2853
12,19,6,7,2854
15,6,5,5,2855
7,5,5,4,2856
16,11,3,3,2857
1,19,5,4,2858
16,4,2,11,2859
22,23,8,6,2860
