22,12,10,11,4601
23,18,10,5,4602
2,21,8,2,4603
23,6,10,2,4604
5,18,10,4,4605
3,9,5,5,4606
16,20,6,11,4607
24,1,3,3,4608
22,3,2,9,4609
17,4,5,9,4610
15,4,3,4,4611
5,1,5,7,4612
19,17,4,5,4613
23,20,4,2,4614
11,21,9,2,4615
13,12,5,8,4616
11,1,9,4,4617
17,13,9,2,4618
6,20,6,3,4619
19,13,4,10,4620
19,21,8,6,4621
20,1,10,6,4622
3,18,5,11,4623
7,15,8,6,4624
15,19,7,5,4625
16,5,6,7,4626
9,1,2,11,4627
23,12,3,8,4628
13,2,5,5,4629
1,5,8,2,4630
8,9,3,9,4631
2,15,7,5,4632
24,13,6,5,4633
7,23,2,2,4634
18,8,7,10,4635
2,20,4,3,4636
5,19,3,7,4637
9,17,4,5,4638
23,9,7,7,4639
24,4,9,7,4640
7,4,2,2,4641
6,20,10,4,4642
23,8,8,6,4643
21,15,4,10,4644
17,18,4,9,4645
24,18,3,10,4646
9,23,5,4,4647
14,15,6,7,4648
24,14,2,2,4649
3,6,5,5,4650
10,20,6,8,4551
23,8,5,4,4552
9,23,9,2,4553
12,10,5,7,4554
11,15,8,5,4555
13,19,3,4,4556
17,18,7,9,4557
12,14,3,5,4558
23,24,6,8,4559
11,2,6,6,4560
