10,3,3,6,715
3,10,6,7,716
4,14,7,8,717
3,2,5,9,718
9,13,4,8,719
15,6,7,7,720
3,12,4,2,721
8,12,8,6,722
7,2,7,5,723
7,10,10,7,724
3,15,9,4,725
2,12,4,2,726
13,14,8,6,727
5,8,4,2,728
10,12,9,9,729
10,11,5,5,730
10,3,3,4,731
11,8,6,4,732
14,13,7,6,733
4,7,5,5,734
15,6,8,6,735
1,6,2,11,736
12,6,8,8,737
10,9,8,3,738
13,11,2,6,739
10,1,7,10,740
12,1,6,7,741
14,2,8,8,742
12,4,9,8,743
11,5,9,8,744
4,2,6,7,745
12,4,5,4,746
2,13,4,11,747
12,5,7,10,748
5,10,3,6,749
2,9,5,8,750
6,13,10,6,751
13,1,10,5,752
8,6,5,5,753
10,8,10,4,754
4,2,4,4,755
3,8,2,11,756
2,10,10,2,757
11,2,9,6,758
15,13,5,5,759
3,2,5,2,760
10,7,5,8,761
4,9,7,4,762
2,14,9,3,763
7,11,5,7,764
11,9,5,2,765
5,7,10,9,664
10,9,6,7,665
8,12,6,11,666
2,14,7,2,667
12,7,2,2,668
14,12,2,7,669
15,10,2,4,670
9,1,3,10,671
12,11,9,9,672
4,6,8,2,673
