6,7,9,3,4540
9,5,6,10,4541
13,10,5,8,4542
11,7,10,7,4543
10,14,4,10,4544
8,7,9,10,4545
14,8,2,11,4546
15,2,4,4,4547
3,7,7,4,4548
4,14,9,5,4549
8,11,2,2,4550
5,15,2,2,4551
7,9,3,10,4552
4,12,8,5,4553
2,3,9,11,4554
12,5,2,3,4555
5,11,6,6,4556
15,8,4,10,4557
10,13,7,7,4558
15,12,3,3,4559
6,15,2,3,4560
15,7,8,11,4561
6,14,3,6,4562
6,2,5,7,4563
15,11,8,11,4564
15,10,9,4,4565
14,11,9,10,4566
5,6,7,11,4567
11,7,3,7,4568
3,9,7,9,4569
10,4,6,10,4570
5,13,3,7,4571
11,12,4,10,4572
8,1,2,11,4573
2,3,9,10,4574
6,3,10,8,4575
2,8,5,3,4576
7,13,8,3,4577
14,8,10,8,4578
14,6,10,8,4579
13,7,8,8,4580
3,9,2,6,4581
6,4,6,6,4582
10,7,4,11,4583
1,9,7,4,4584
12,1,9,9,4585
15,12,7,2,4586
6,4,3,3,4587
11,7,3,3,4588
13,9,5,9,4589
4,3,4,2,4590
5,11,2,4,4489
5,6,2,7,4490
4,14,8,4,4491
4,1,2,2,4492
13,12,9,10,4493
12,4,2,6,4494
8,3,2,11,4495
5,10,3,8,4496
9,8,5,5,4497
5,10,6,2,4498
