5,17,7,9,3401
21,1,9,6,3402
24,5,5,3,3403
4,8,4,6,3404
13,16,8,10,3405
22,8,10,11,3406
10,23,6,4,3407
13,18,8,3,3408
21,11,7,11,3409
13,14,2,10,3410
10,13,7,6,3411
16,24,4,6,3412
6,3,8,9,3413
2,13,3,3,3414
16,17,3,9,3415
2,21,3,8,3416
9,21,7,4,3417
24,1,7,11,3418
21,19,3,8,3419
12,4,4,6,3420
10,9,9,3,3421
24,3,9,6,3422
8,10,9,6,3423
13,23,6,4,3424
2,10,3,2,3425
22,19,5,7,3426
18,9,5,10,3427
20,5,2,9,3428
20,11,7,9,3429
24,17,5,5,3430
15,19,4,11,3431
11,13,10,2,3432
7,23,3,9,3433
7,11,9,6,3434
7,9,2,4,3435
23,11,4,6,3436
6,21,2,5,3437
3,24,5,3,3438
12,17,7,10,3439
3,9,3,6,3440
10,2,9,4,3441
1,15,8,9,3442
6,23,5,6,3443
6,12,7,11,3444
15,11,5,6,3445
2,7,4,8,3446
7,20,5,7,3447
15,2,8,10,3448
4,8,2,11,3449
21,24,8,10,3450
8,22,10,11,3351
16,3,3,11,3352
13,15,8,9,3353
7,6,8,3,3354
4,19,10,5,3355
13,21,9,5,3356
16,4,9,8,3357
22,2,4,9,3358
3,13,10,6,3359
7,4,6,4,3360
