8,3,6,6,2704
1,14,10,6,2705
12,8,7,5,2706
8,4,2,8,2707
11,10,6,2,2708
8,6,9,6,2709
13,12,5,5,2710
7,6,6,3,2711
7,15,8,9,2712
4,7,3,6,2713
13,10,10,6,2714
11,4,7,8,2715
7,3,5,10,2716
10,11,4,8,2717
1,7,5,7,2718
5,10,5,3,2719
10,2,8,10,2720
11,8,8,8,2721
6,15,9,6,2722
12,1,6,7,2723
13,3,10,8,2724
11,7,7,5,2725
6,11,10,3,2726
3,8,2,5,2727
10,4,7,11,2728
4,11,3,10,2729
3,6,4,4,2730
15,11,6,5,2731
7,1,8,10,2732
14,13,8,2,2733
7,1,8,9,2734
3,2,9,3,2735
11,10,6,11,2736
9,12,3,4,2737
8,1,3,4,2738
11,9,5,3,2739
12,7,4,9,2740
8,4,8,3,2741
1,3,8,9,2742
12,9,8,11,2743
13,7,10,8,2744
13,15,9,3,2745
4,9,10,7,2746
14,7,6,7,2747
9,4,7,6,2748
13,9,2,10,2749
2,7,5,6,2750
10,3,9,3,2751
5,15,4,8,2752
8,5,10,7,2753
9,15,5,5,2754
2,9,7,9,2653
1,13,10,10,2654
5,13,4,7,2655
10,3,5,9,2656
11,13,5,9,2657
15,10,7,3,2658
9,2,2,4,2659
11,4,8,7,2660
6,10,3,2,2661
9,15,4,3,2662
