22,9,5,11,551
23,3,6,11,552
4,10,4,9,553
3,24,7,6,554
1,7,5,2,555
8,23,8,3,556
21,8,8,8,557
17,15,6,2,558
24,6,7,6,559
23,18,10,7,560
20,8,2,6,561
2,19,7,11,562
4,21,10,3,563
17,12,7,8,564
2,23,5,10,565
12,7,3,11,566
15,20,4,10,567
18,11,4,6,568
2,4,9,10,569
8,19,2,2,570
8,15,9,7,571
7,22,2,9,572
2,8,8,7,573
11,16,8,8,574
5,18,4,8,575
23,11,8,4,576
2,16,6,7,577
3,9,3,9,578
15,3,9,6,579
22,3,10,10,580
24,21,5,3,581
4,21,8,2,582
16,11,9,5,583
17,21,2,9,584
24,5,10,2,585
17,16,4,5,586
16,11,4,7,587
14,21,2,9,588
13,3,8,7,589
7,5,4,4,590
17,2,5,2,591
22,3,2,4,592
4,5,9,8,593
13,5,10,11,594
2,23,8,9,595
18,23,10,11,596
7,2,7,8,597
1,2,6,11,598
4,8,8,6,599
16,1,9,5,600
13,16,7,3,501
18,14,8,10,502
16,11,5,4,503
13,16,4,4,504
4,3,9,11,505
13,20,9,7,506
9,8,2,2,507
13,2,6,3,508
10,21,10,9,509
14,23,3,6,510
