8,10,8,7,4401
24,20,4,11,4402
18,8,3,9,4403
23,10,3,7,4404
1,2,7,8,4405
1,22,3,2,4406
1,16,9,8,4407
13,19,6,5,4408
13,17,7,5,4409
20,11,5,7,4410
15,3,9,3,4411
21,11,6,5,4412
11,13,3,8,4413
4,22,5,3,4414
7,5,5,11,4415
8,1,8,2,4416
21,5,2,11,4417
19,22,8,3,4418
17,8,7,3,4419
11,9,5,6,4420
19,20,8,10,4421
23,8,2,10,4422
2,9,4,9,4423
22,8,9,8,4424
2,20,9,8,4425
24,21,8,9,4426
16,2,2,6,4427
21,9,10,9,4428
7,2,10,4,4429
10,3,9,7,4430
9,14,2,2,4431
5,10,7,3,4432
15,12,8,7,4433
8,3,2,7,4434
5,16,3,2,4435
4,2,6,11,4436
23,8,3,4,4437
19,20,4,4,4438
10,14,10,6,4439
13,15,7,10,4440
13,22,2,11,4441
12,8,2,9,4442
10,8,6,9,4443
4,23,9,3,4444
20,12,10,11,4445
9,21,3,4,4446
6,19,4,2,4447
11,19,2,3,4448
2,17,7,3,4449
6,7,9,8,4450
16,15,10,8,4351
14,9,3,8,4352
12,24,3,5,4353
6,14,2,4,4354
4,6,4,10,4355
21,24,7,9,4356
11,23,10,2,4357
21,1,3,10,4358
13,3,2,3,4359
4,15,7,2,4360
