5,14,2,6,3826
14,9,4,6,3827
12,8,5,11,3828
6,10,8,2,3829
12,9,5,4,3830
5,1,7,8,3831
8,6,4,11,3832
1,11,4,7,3833
4,12,6,9,3834
15,9,10,8,3835
15,8,9,9,3836
9,1,4,6,3837
10,2,6,9,3838
6,2,6,5,3839
13,9,3,6,3840
2,14,8,8,3841
4,12,2,8,3842
12,15,9,6,3843
5,3,2,6,3844
8,4,8,9,3845
5,4,9,11,3846
3,8,4,9,3847
12,3,2,11,3848
11,1,6,6,3849
3,10,2,6,3850
9,14,5,3,3851
10,6,4,7,3852
15,10,9,2,3853
13,6,5,6,3854
5,13,3,10,3855
13,4,5,10,3856
8,10,6,3,3857
3,12,6,3,3858
13,2,10,7,3859
2,4,7,3,3860
4,12,5,2,3861
13,7,10,2,3862
9,5,4,9,3863
15,12,2,5,3864
15,1,5,10,3865
6,13,5,4,3866
8,3,10,6,3867
14,2,7,4,3868
14,10,9,8,3869
4,9,5,5,3870
14,12,5,9,3871
12,4,2,4,3872
1,7,9,6,3873
1,3,3,5,3874
11,3,8,10,3875
14,15,9,4,3876
4,7,2,7,3775
5,4,4,3,3776
12,10,7,4,3777
10,12,5,5,3778
6,2,9,7,3779
1,9,7,4,3780
6,15,3,4,3781
9,1,5,4,3782
7,12,9,7,3783
11,8,10,8,3784
