15,3,3,4,970
12,6,3,2,971
9,6,7,8,972
3,2,10,3,973
4,9,3,11,974
6,1,5,11,975
15,6,2,2,976
3,8,8,3,977
5,11,5,3,978
9,5,2,3,979
8,6,9,3,980
13,4,8,2,981
14,10,5,5,982
11,15,9,4,983
4,14,3,10,984
7,11,9,9,985
14,11,10,6,986
7,6,5,4,987
9,5,3,8,988
4,14,9,10,989
2,10,6,5,990
14,4,7,9,991
10,5,2,8,992
9,7,7,2,993
8,4,6,11,994
12,2,6,8,995
10,13,2,9,996
7,10,5,6,997
5,10,3,4,998
9,5,4,10,999
6,1,10,3,1000
9,12,4,5,1001
5,10,8,4,1002
11,1,10,5,1003
4,13,5,3,1004
1,9,9,3,1005
13,1,4,4,1006
3,7,8,3,1007
9,10,9,9,1008
5,8,4,3,1009
11,13,9,5,1010
1,9,4,3,1011
8,12,10,6,1012
14,6,3,10,1013
14,3,4,10,1014
10,5,9,6,1015
15,7,9,9,1016
15,1,8,3,1017
9,1,7,8,1018
2,1,8,11,1019
11,9,9,9,1020
10,14,8,10,919
13,2,7,8,920
11,14,9,5,921
10,7,10,4,922
15,11,6,10,923
10,11,9,7,924
7,4,10,4,925
1,12,6,10,926
2,11,10,5,927
9,4,6,11,928
