7,1,2,11,3316
4,8,6,2,3317
11,1,6,8,3318
2,9,4,10,3319
1,12,5,4,3320
11,10,9,11,3321
3,5,8,7,3322
11,4,9,10,3323
15,14,6,10,3324
14,1,2,2,3325
11,7,3,2,3326
7,8,9,3,3327
1,5,5,10,3328
5,8,5,7,3329
5,7,4,7,3330
15,6,6,11,3331
3,1,2,6,3332
6,2,6,5,3333
8,5,10,4,3334
3,10,8,8,3335
6,10,3,8,3336
9,15,8,4,3337
5,10,3,10,3338
3,2,7,10,3339
14,7,10,3,3340
13,15,3,9,3341
7,14,4,11,3342
1,9,4,2,3343
4,5,7,6,3344
12,1,9,3,3345
5,1,9,7,3346
4,15,6,4,3347
12,9,7,10,3348
15,1,5,11,3349
1,15,10,6,3350
9,13,5,10,3351
13,11,7,10,3352
3,5,9,3,3353
10,8,10,6,3354
8,6,8,3,3355
6,9,9,7,3356
2,11,7,9,3357
4,3,9,8,3358
6,13,5,9,3359
6,9,5,11,3360
4,2,7,6,3361
11,7,5,5,3362
8,13,2,10,3363
10,7,5,8,3364
7,3,4,3,3365
12,5,8,10,3366
9,14,4,8,3265
11,5,3,10,3266
8,9,9,4,3267
2,7,9,7,3268
15,8,5,11,3269
3,8,8,3,3270
9,7,10,4,3271
6,1,9,8,3272
2,14,9,8,3273
14,3,4,3,3274
