3,5,5,4,4501
8,14,10,7,4502
24,3,9,7,4503
16,10,7,10,4504
1,5,6,9,4505
8,1,7,5,4506
4,11,6,9,4507
21,24,3,8,4508
14,10,7,7,4509
22,1,2,6,4510
8,1,9,2,4511
9,2,7,10,4512
23,7,6,4,4513
14,4,6,7,4514
24,16,10,3,4515
15,12,3,8,4516
5,20,6,5,4517
23,5,7,9,4518
10,12,9,2,4519
18,23,2,5,4520
7,5,7,9,4521
6,2,6,10,4522
2,6,7,2,4523
12,11,2,11,4524
1,10,2,2,4525
23,12,7,10,4526
12,4,4,8,4527
20,5,7,5,4528
15,4,9,9,4529
19,3,9,6,4530
10,14,7,9,4531
6,24,7,9,4532
12,10,3,11,4533
8,9,8,6,4534
14,1,4,6,4535
5,2,3,7,4536
5,21,9,10,4537
7,18,9,9,4538
3,2,2,7,4539
22,2,9,3,4540
10,6,10,11,4541
1,5,3,4,4542
17,7,6,8,4543
5,3,10,7,4544
9,6,9,11,4545
20,4,7,9,4546
1,2,4,4,4547
20,1,5,2,4548
12,24,8,8,4549
4,9,4,11,4550
1,23,8,4,4451
9,18,7,5,4452
19,6,9,7,4453
12,11,8,11,4454
8,12,10,9,4455
9,6,8,8,4456
10,23,9,6,4457
20,5,10,7,4458
6,11,9,5,4459
23,1,4,8,4460
