3,10,8,7,4642
8,5,4,8,4643
15,8,4,10,4644
13,4,10,7,4645
8,5,7,5,4646
9,8,5,3,4647
3,6,3,2,4648
13,4,2,8,4649
7,6,6,8,4650
8,7,5,11,4651
15,2,9,11,4652
3,15,6,2,4653
3,12,7,4,4654
8,2,9,6,4655
10,11,10,3,4656
10,15,5,2,4657
4,2,3,5,4658
9,3,5,10,4659
12,9,5,3,4660
9,13,8,9,4661
6,14,7,6,4662
8,12,8,9,4663
9,4,3,3,4664
4,1,8,8,4665
8,2,8,7,4666
15,14,2,3,4667
1,12,8,4,4668
6,3,6,11,4669
14,13,10,9,4670
2,5,10,10,4671
6,3,6,6,4672
8,11,5,11,4673
7,15,6,7,4674
4,5,6,9,4675
7,13,6,3,4676
2,14,9,7,4677
3,10,2,5,4678
9,12,2,8,4679
1,9,8,6,4680
14,2,6,3,4681
11,10,9,4,4682
10,8,5,10,4683
15,4,3,6,4684
13,14,6,5,4685
13,2,8,11,4686
4,5,8,8,4687
7,12,9,4,4688
5,2,9,8,4689
10,3,8,3,4690
3,14,7,11,4691
6,8,7,4,4692
10,2,6,4,4591
1,12,9,5,4592
3,1,2,5,4593
10,2,5,6,4594
3,14,4,3,4595
1,15,4,7,4596
10,8,8,3,4597
13,4,5,9,4598
13,7,3,11,4599
3,4,8,3,4600
