7,10,7,10,3701
4,19,5,11,3702
22,13,9,9,3703
16,1,4,5,3704
8,2,2,6,3705
18,21,2,7,3706
20,17,10,2,3707
14,22,3,10,3708
13,5,5,2,3709
15,23,8,10,3710
10,23,9,2,3711
1,24,6,6,3712
4,13,4,5,3713
19,9,2,10,3714
22,16,3,11,3715
22,23,4,2,3716
20,10,7,2,3717
24,4,5,6,3718
13,3,5,11,3719
18,19,7,6,3720
18,11,7,11,3721
8,20,9,6,3722
4,11,6,7,3723
12,2,6,5,3724
2,8,7,8,3725
9,19,7,5,3726
10,23,6,2,3727
6,13,10,3,3728
24,19,10,6,3729
8,3,8,6,3730
16,9,10,10,3731
23,10,10,11,3732
4,5,5,6,3733
7,5,10,6,3734
10,2,8,10,3735
15,19,7,7,3736
18,2,10,10,3737
11,5,10,7,3738
17,23,9,7,3739
5,23,7,8,3740
3,12,4,6,3741
18,5,8,7,3742
1,24,8,9,3743
8,3,3,10,3744
16,17,10,2,3745
22,12,2,11,3746
16,1,10,5,3747
24,20,9,4,3748
8,1,4,4,3749
19,17,3,8,3750
13,24,7,2,3651
12,16,7,10,3652
12,14,8,3,3653
4,19,6,8,3654
5,8,6,10,3655
15,17,4,10,3656
9,15,9,9,3657
1,22,10,6,3658
18,9,10,8,3659
3,17,7,5,3660
