8,3,6,10,4234
5,9,4,4,4235
4,1,9,6,4236
14,2,3,7,4237
1,12,8,4,4238
7,1,6,8,4239
14,1,7,7,4240
5,4,9,9,4241
5,15,8,2,4242
1,15,8,8,4243
1,6,9,2,4244
1,6,2,11,4245
5,11,4,4,4246
5,9,4,4,4247
11,4,4,11,4248
1,3,10,9,4249
3,14,7,8,4250
7,1,9,9,4251
14,8,5,9,4252
14,6,2,2,4253
5,6,4,3,4254
9,15,2,5,4255
13,11,5,2,4256
1,14,4,10,4257
1,3,10,6,4258
14,1,9,10,4259
6,2,7,7,4260
5,14,5,7,4261
5,2,10,9,4262
14,8,6,5,4263
7,8,7,7,4264
14,13,9,6,4265
7,11,10,3,4266
2,12,9,5,4267
10,11,8,5,4268
11,4,4,9,4269
12,5,5,7,4270
3,5,9,7,4271
2,3,2,2,4272
15,5,8,9,4273
7,10,2,6,4274
8,7,2,10,4275
6,12,8,11,4276
15,8,8,6,4277
8,11,3,9,4278
7,8,4,5,4279
10,4,2,5,4280
10,3,9,8,4281
1,8,4,2,4282
6,9,10,9,4283
11,5,10,7,4284
10,1,7,4,4183
12,9,8,5,4184
2,4,6,6,4185
7,12,10,11,4186
1,3,8,4,4187
1,8,10,10,4188
6,11,7,11,4189
3,8,4,5,4190
15,10,7,7,4191
7,3,6,7,4192
