13,15,6,4,2251
9,20,6,8,2252
15,4,7,4,2253
14,8,10,5,2254
6,10,6,9,2255
13,9,6,8,2256
20,7,3,7,2257
6,18,6,7,2258
3,9,9,2,2259
21,15,4,2,2260
9,19,10,11,2261
22,21,5,2,2262
21,7,3,5,2263
16,3,7,6,2264
23,1,4,11,2265
4,13,7,7,2266
2,12,6,3,2267
3,7,4,9,2268
11,6,8,5,2269
14,3,6,7,2270
23,17,2,6,2271
3,9,6,8,2272
11,23,8,5,2273
12,23,8,4,2274
19,17,4,8,2275
8,15,9,6,2276
8,4,4,6,2277
24,9,3,2,2278
22,6,10,5,2279
1,8,8,8,2280
11,16,7,4,2281
22,17,7,2,2282
22,6,4,5,2283
17,7,6,5,2284
9,12,10,10,2285
17,9,6,3,2286
5,22,4,7,2287
21,6,4,8,2288
3,16,7,3,2289
16,5,3,9,2290
2,16,8,2,2291
4,18,7,10,2292
20,16,9,2,2293
11,20,3,11,2294
1,16,7,4,2295
15,22,9,9,2296
22,12,9,8,2297
1,18,7,11,2298
21,9,8,10,2299
15,12,5,5,2300
22,18,7,2,2201
1,24,7,8,2202
14,10,3,4,2203
6,14,9,6,2204
5,11,10,7,2205
5,15,5,5,2206
2,9,2,5,2207
14,6,7,10,2208
10,1,5,10,2209
1,9,3,6,2210
