14,4,8,10,2092
15,6,3,2,2093
3,5,9,11,2094
13,12,3,6,2095
15,12,10,10,2096
5,14,8,5,2097
15,3,2,4,2098
4,5,8,3,2099
13,6,9,5,2100
7,14,5,11,2101
13,4,2,2,2102
1,10,7,4,2103
14,15,4,11,2104
2,4,8,11,2105
4,13,6,10,2106
5,15,6,2,2107
11,15,10,9,2108
10,12,9,4,2109
4,12,2,6,2110
15,10,4,2,2111
1,4,9,2,2112
13,12,5,10,2113
13,6,9,2,2114
4,15,7,2,2115
8,14,2,5,2116
9,1,5,4,2117
12,4,6,8,2118
14,8,10,9,2119
3,4,6,10,2120
8,1,4,3,2121
12,14,7,6,2122
12,15,9,10,2123
4,8,6,6,2124
10,5,3,8,2125
3,4,2,2,2126
8,11,4,4,2127
5,11,7,9,2128
12,15,6,5,2129
15,5,6,5,2130
6,8,10,3,2131
7,5,5,7,2132
7,11,3,4,2133
8,9,8,11,2134
15,13,7,5,2135
11,6,2,9,2136
9,3,5,6,2137
5,12,5,5,2138
1,2,3,10,2139
7,8,9,3,2140
15,1,9,5,2141
15,9,9,6,2142
8,10,9,2,2041
8,13,10,10,2042
1,13,3,10,2043
6,4,8,11,2044
5,1,7,10,2045
7,10,5,4,2046
6,3,5,3,2047
9,13,6,6,2048
1,3,6,9,2049
12,11,5,9,2050
