8,6,4,11,751
11,2,3,9,752
10,15,7,6,753
5,23,10,3,754
6,7,7,3,755
20,14,2,10,756
6,1,8,7,757
22,23,4,7,758
17,19,4,7,759
16,11,4,5,760
16,20,10,11,761
21,12,10,2,762
20,10,10,4,763
8,13,6,2,764
24,16,9,7,765
16,23,3,5,766
20,21,8,4,767
21,4,2,11,768
10,18,2,9,769
15,1,10,4,770
8,18,8,6,771
3,7,8,3,772
2,22,7,2,773
14,15,4,11,774
22,5,6,6,775
4,15,6,6,776
17,10,7,3,777
21,11,9,9,778
11,19,5,5,779
5,18,6,7,780
15,17,10,7,781
9,17,6,9,782
24,12,7,4,783
12,23,5,7,784
15,5,8,5,785
18,21,9,9,786
22,11,6,10,787
9,6,9,3,788
3,9,5,4,789
15,16,6,11,790
21,17,5,9,791
20,9,7,11,792
20,9,4,11,793
9,1,3,3,794
21,2,2,6,795
21,7,3,9,796
5,14,9,5,797
9,6,10,11,798
15,2,4,6,799
13,4,10,2,800
6,15,10,6,701
19,10,8,3,702
2,9,9,7,703
9,12,6,2,704
16,17,7,11,705
21,19,5,2,706
24,23,5,10,707
24,3,8,10,708
13,16,10,4,709
16,5,9,4,710
