11,15,10,3,4336
15,6,8,2,4337
6,15,2,10,4338
1,8,3,5,4339
12,7,9,10,4340
3,5,7,8,4341
2,12,7,8,4342
15,14,7,9,4343
12,3,5,6,4344
7,4,4,9,4345
5,3,10,6,4346
5,3,5,10,4347
2,6,4,9,4348
1,15,6,11,4349
8,12,2,3,4350
13,4,2,6,4351
11,8,6,4,4352
7,9,10,4,4353
15,13,5,9,4354
11,13,2,7,4355
2,13,5,4,4356
14,7,4,8,4357
6,2,2,9,4358
8,5,4,10,4359
5,14,10,5,4360
4,8,9,6,4361
1,11,9,10,4362
11,10,4,8,4363
1,4,8,11,4364
8,10,3,10,4365
4,2,4,11,4366
5,14,9,5,4367
11,12,6,5,4368
10,2,4,10,4369
6,11,2,2,4370
8,2,7,3,4371
8,12,3,8,4372
7,4,2,3,4373
2,11,8,4,4374
7,14,8,5,4375
4,9,3,7,4376
5,9,2,4,4377
12,11,6,7,4378
13,5,8,6,4379
15,14,6,7,4380
10,1,10,4,4381
10,15,9,9,4382
11,9,8,11,4383
13,14,4,10,4384
6,15,4,6,4385
11,5,4,6,4386
14,15,4,3,4285
14,5,4,4,4286
7,1,5,6,4287
12,15,9,10,4288
13,10,4,2,4289
6,15,3,8,4290
14,15,8,6,4291
4,3,4,7,4292
1,13,6,11,4293
15,5,10,3,4294
