5,3,8,7,3877
2,4,10,3,3878
3,14,2,9,3879
10,7,5,4,3880
1,7,8,6,3881
15,9,9,5,3882
8,3,3,5,3883
7,11,6,6,3884
11,15,3,7,3885
5,2,8,9,3886
5,13,8,8,3887
13,15,2,7,3888
9,1,9,11,3889
12,11,9,5,3890
13,1,7,5,3891
6,9,5,8,3892
5,7,2,7,3893
3,4,10,4,3894
3,11,6,10,3895
13,3,7,11,3896
1,6,6,10,3897
1,7,10,7,3898
5,8,9,4,3899
13,7,8,3,3900
12,7,6,10,3901
8,12,8,10,3902
11,10,10,10,3903
12,3,7,7,3904
11,9,10,3,3905
2,8,3,8,3906
12,8,6,10,3907
4,7,6,9,3908
9,1,3,6,3909
9,8,3,4,3910
10,2,2,3,3911
5,2,7,4,3912
12,9,10,5,3913
7,5,5,10,3914
4,11,7,2,3915
10,5,3,2,3916
3,9,9,10,3917
8,2,10,4,3918
3,9,6,11,3919
13,1,4,2,3920
4,3,8,3,3921
4,15,5,2,3922
10,14,10,4,3923
7,15,8,10,3924
10,4,4,5,3925
7,9,4,2,3926
5,8,6,9,3927
5,14,5,6,3826
14,9,9,6,3827
12,8,4,11,3828
6,10,4,2,3829
12,9,2,4,3830
5,1,6,8,3831
8,6,2,11,3832
1,11,2,7,3833
4,12,10,9,3834
15,9,2,8,3835
