1,11,6,11,358
1,10,7,10,359
7,1,9,10,360
10,15,4,9,361
14,10,8,5,362
12,14,10,9,363
3,9,7,6,364
1,6,4,9,365
7,8,8,5,366
9,11,3,10,367
9,1,5,9,368
10,9,7,7,369
5,6,9,3,370
12,2,10,4,371
15,6,9,6,372
2,14,7,3,373
2,12,5,2,374
4,11,5,2,375
1,9,4,6,376
12,15,6,10,377
3,9,10,7,378
1,15,7,9,379
3,12,4,4,380
12,4,10,5,381
2,13,8,8,382
5,1,8,8,383
7,15,2,10,384
3,1,9,10,385
8,1,8,4,386
10,9,3,3,387
4,15,6,6,388
6,10,3,6,389
3,9,4,3,390
1,2,4,3,391
11,1,8,8,392
4,14,4,9,393
4,10,6,2,394
15,11,3,7,395
4,15,4,4,396
7,10,8,7,397
3,2,9,7,398
4,3,6,2,399
2,12,5,2,400
13,10,10,8,401
14,12,5,5,402
5,1,8,3,403
8,7,5,10,404
3,2,7,5,405
3,5,2,8,406
7,9,4,2,407
13,10,3,8,408
3,1,5,10,307
2,12,9,6,308
2,6,3,9,309
9,13,2,3,310
14,9,6,3,311
7,2,5,3,312
1,5,10,5,313
6,14,5,9,314
11,14,5,8,315
12,2,10,3,316
