11,8,2,4,4201
11,12,10,2,4202
4,6,5,2,4203
24,23,6,3,4204
22,6,8,3,4205
8,12,6,11,4206
12,2,9,3,4207
6,21,3,10,4208
17,3,8,3,4209
20,19,10,10,4210
5,9,10,2,4211
22,16,2,11,4212
4,12,8,9,4213
21,17,8,5,4214
11,4,9,9,4215
9,6,10,7,4216
20,7,7,6,4217
10,23,3,9,4218
15,18,2,4,4219
4,6,10,4,4220
4,1,9,11,4221
17,23,2,4,4222
5,2,9,4,4223
7,10,2,5,4224
12,4,5,9,4225
17,5,3,6,4226
23,8,8,8,4227
6,15,7,10,4228
9,11,2,10,4229
20,21,5,4,4230
3,7,5,10,4231
15,6,8,10,4232
9,12,3,7,4233
13,15,6,10,4234
21,4,10,5,4235
8,13,5,8,4236
15,5,10,8,4237
16,17,2,9,4238
12,14,7,4,4239
10,4,8,5,4240
19,7,8,2,4241
18,21,5,2,4242
16,19,9,8,4243
5,11,2,11,4244
10,23,5,3,4245
14,21,10,11,4246
10,23,10,6,4247
17,15,9,7,4248
21,7,6,6,4249
3,20,5,4,4250
4,18,4,9,4151
16,3,4,5,4152
2,1,10,4,4153
23,16,7,11,4154
16,8,6,5,4155
8,16,2,9,4156
16,4,8,6,4157
9,15,3,2,4158
20,5,9,3,4159
6,10,9,7,4160
