8,10,4,2,2041
8,13,9,10,2042
1,13,10,10,2043
6,4,5,11,2044
5,1,3,10,2045
7,10,7,4,2046
6,3,4,3,2047
9,13,5,6,2048
1,3,9,9,2049
12,11,10,9,2050
6,12,2,2,2051
13,15,4,10,2052
11,9,6,8,2053
11,6,6,4,2054
8,4,3,7,2055
10,1,4,2,2056
7,15,4,7,2057
13,2,7,10,2058
15,1,6,4,2059
5,6,10,4,2060
14,3,2,11,2061
12,7,9,4,2062
13,3,9,8,2063
10,7,5,4,2064
10,11,8,10,2065
9,6,9,7,2066
9,2,4,4,2067
3,13,8,11,2068
3,15,9,3,2069
15,3,10,8,2070
9,2,2,7,2071
11,8,7,9,2072
12,10,6,11,2073
12,14,2,10,2074
10,6,3,7,2075
8,5,8,7,2076
10,6,8,2,2077
11,6,7,10,2078
3,10,3,6,2079
12,8,6,5,2080
4,3,6,3,2081
13,11,2,5,2082
15,1,7,10,2083
15,13,10,3,2084
13,11,5,11,2085
3,6,8,5,2086
15,14,10,2,2087
10,3,2,11,2088
10,9,9,3,2089
8,9,2,9,2090
1,9,7,4,2091
2,12,2,11,1990
7,6,6,4,1991
8,11,2,4,1992
5,14,3,4,1993
8,10,10,7,1994
7,15,2,4,1995
14,12,3,3,1996
11,12,5,7,1997
8,13,5,11,1998
14,5,5,4,1999
