1,13,9,4,205
15,6,6,2,206
7,8,6,8,207
8,12,2,5,208
8,15,8,8,209
1,6,5,7,210
1,12,8,4,211
7,11,3,8,212
8,7,6,10,213
9,13,3,6,214
6,10,3,9,215
3,13,8,6,216
10,9,4,4,217
11,1,3,2,218
5,6,5,2,219
8,3,2,2,220
4,13,3,4,221
10,15,6,4,222
7,5,5,2,223
13,5,10,3,224
8,3,2,3,225
6,4,6,11,226
1,5,6,3,227
1,11,2,4,228
15,8,3,9,229
10,4,6,7,230
6,5,6,4,231
11,5,4,7,232
6,2,4,5,233
8,13,5,7,234
8,7,9,8,235
13,15,9,5,236
4,3,7,3,237
1,2,10,11,238
11,13,4,9,239
8,10,9,10,240
13,5,5,2,241
3,11,7,8,242
6,11,7,2,243
6,7,5,11,244
1,7,6,11,245
12,13,8,6,246
6,8,4,7,247
13,12,8,3,248
5,8,2,7,249
11,7,5,4,250
5,15,7,7,251
12,11,4,9,252
9,1,4,7,253
6,11,3,5,254
12,11,10,4,255
8,4,10,2,154
1,3,10,5,155
12,4,10,5,156
14,12,6,6,157
6,9,8,5,158
15,11,6,10,159
15,8,6,2,160
11,5,5,4,161
9,4,8,8,162
3,4,7,9,163
