22,4,9,11,4701
19,24,4,6,4702
2,5,8,6,4703
2,12,6,5,4704
18,13,9,8,4705
4,20,5,10,4706
9,20,10,7,4707
3,8,6,8,4708
6,18,8,10,4709
5,13,9,7,4710
16,6,4,6,4711
6,19,8,2,4712
10,20,6,6,4713
5,21,3,4,4714
16,19,8,4,4715
2,8,7,3,4716
1,19,4,4,4717
5,15,5,9,4718
18,24,5,4,4719
7,2,10,9,4720
21,18,9,10,4721
24,2,7,9,4722
2,23,6,7,4723
3,2,7,5,4724
2,20,2,10,4725
23,7,6,4,4726
9,20,2,11,4727
23,9,2,7,4728
9,1,4,5,4729
21,12,2,6,4730
17,22,7,2,4731
10,12,5,9,4732
8,10,7,10,4733
15,24,8,11,4734
3,16,7,2,4735
13,19,5,8,4736
19,5,8,11,4737
14,15,2,9,4738
14,4,9,11,4739
15,11,3,6,4740
23,24,7,8,4741
13,15,3,4,4742
6,23,5,8,4743
3,17,10,3,4744
4,14,2,3,4745
12,14,2,3,4746
6,24,7,7,4747
20,16,8,10,4748
17,2,8,2,4749
5,22,2,10,4750
2,16,6,8,4651
12,5,7,3,4652
16,18,5,8,4653
10,8,8,4,4654
23,2,7,8,4655
8,9,5,10,4656
18,24,8,5,4657
16,22,5,9,4658
16,23,2,5,4659
4,16,9,8,4660
