11,22,5,11,651
14,17,8,4,652
8,6,5,10,653
18,13,10,5,654
1,12,9,2,655
21,5,10,4,656
10,4,9,11,657
3,16,10,10,658
9,20,2,7,659
13,10,7,7,660
4,7,4,3,661
2,9,3,5,662
22,7,10,10,663
19,1,4,3,664
14,9,6,8,665
10,3,8,6,666
23,10,7,6,667
1,7,3,6,668
13,20,10,11,669
5,14,6,2,670
13,9,9,11,671
23,9,6,7,672
19,10,9,3,673
7,19,10,3,674
8,19,3,7,675
14,4,8,9,676
23,19,4,10,677
4,11,2,8,678
6,15,10,5,679
4,15,2,8,680
14,6,7,5,681
23,8,8,2,682
24,9,7,10,683
8,21,10,3,684
15,6,5,11,685
19,16,4,11,686
3,10,2,11,687
18,11,2,8,688
4,23,9,2,689
20,19,4,11,690
10,12,10,4,691
24,3,4,7,692
7,21,4,2,693
8,19,5,4,694
11,23,9,6,695
6,17,6,11,696
24,3,3,5,697
23,5,2,6,698
15,5,3,11,699
4,15,8,3,700
20,7,10,9,601
10,2,4,4,602
13,2,10,2,603
18,24,5,8,604
24,15,3,2,605
19,13,10,6,606
7,20,8,2,607
11,7,6,8,608
3,20,10,10,609
10,23,4,11,610
