9,1,5,7,1
2,5,9,7,2
8,6,10,4,3
1,4,5,4,4
5,13,4,5,5
2,4,4,6,6
2,3,10,8,7
13,9,9,4,8
5,9,7,5,9
3,13,6,4,10
4,14,9,4,11
2,1,10,8,12
8,10,8,6,13
3,13,9,11,14
10,7,7,11,15
3,8,7,3,16
8,9,4,8,17
15,4,9,5,18
9,2,7,4,19
3,14,6,9,20
13,15,6,9,21
4,3,6,11,22
7,15,5,11,23
1,7,3,8,24
13,2,8,2,25
5,13,9,7,26
15,4,9,6,27
13,2,3,7,28
14,8,2,10,29
6,9,8,5,30
5,2,3,7,31
3,10,4,4,32
13,8,5,11,33
7,10,3,7,34
8,15,10,6,35
12,1,3,11,36
13,6,7,2,37
15,8,7,4,38
11,15,3,5,39
5,12,6,9,40
3,15,2,3,41
3,9,3,4,42
1,15,10,10,43
8,4,6,8,44
6,9,10,8,45
6,15,4,9,46
2,10,6,2,47
3,13,8,3,48
7,3,10,6,49
1,7,8,8,50
13,2,9,4,51
