15,5,9,2,3112
6,1,2,3,3113
9,14,5,6,3114
11,3,9,2,3115
8,10,4,6,3116
5,11,3,5,3117
9,1,2,7,3118
7,5,5,9,3119
7,4,4,6,3120
9,7,9,6,3121
15,10,5,11,3122
5,9,3,11,3123
2,5,7,11,3124
8,12,4,11,3125
9,15,7,11,3126
2,15,3,4,3127
7,3,10,6,3128
11,3,2,11,3129
15,13,7,6,3130
1,4,9,4,3131
10,1,10,2,3132
5,2,6,2,3133
5,8,6,8,3134
4,2,5,7,3135
3,11,3,2,3136
1,7,8,5,3137
4,8,10,10,3138
11,9,6,9,3139
10,2,6,5,3140
1,14,9,4,3141
6,10,7,8,3142
8,14,10,10,3143
3,13,3,11,3144
6,9,8,3,3145
6,13,7,3,3146
1,2,4,5,3147
14,13,2,10,3148
8,3,9,4,3149
10,7,2,3,3150
14,5,2,4,3151
3,2,6,9,3152
3,6,8,10,3153
11,2,5,3,3154
12,9,8,10,3155
10,7,8,10,3156
3,10,3,6,3157
8,13,9,8,3158
9,1,3,2,3159
13,7,8,3,3160
12,7,8,2,3161
11,14,10,2,3162
8,3,10,7,3061
15,3,3,8,3062
6,4,10,6,3063
14,2,7,4,3064
3,8,6,4,3065
1,4,9,4,3066
14,11,10,7,3067
7,2,7,3,3068
4,6,6,9,3069
7,14,4,10,3070
