9,14,8,8,3265
11,5,7,10,3266
8,9,5,4,3267
2,7,10,7,3268
15,8,7,11,3269
3,8,6,3,3270
9,7,9,4,3271
6,1,10,8,3272
2,14,5,8,3273
14,3,8,3,3274
13,4,3,4,3275
5,4,8,5,3276
2,6,3,6,3277
9,3,6,8,3278
4,12,3,5,3279
10,11,3,11,3280
4,15,3,6,3281
3,7,4,2,3282
2,3,6,5,3283
3,2,10,7,3284
12,3,5,10,3285
8,5,7,4,3286
13,10,9,2,3287
4,1,8,11,3288
4,8,8,7,3289
2,6,6,11,3290
7,1,6,8,3291
6,5,8,11,3292
9,6,7,8,3293
8,7,6,9,3294
7,8,10,3,3295
11,13,5,3,3296
3,15,4,2,3297
15,12,3,9,3298
10,3,9,7,3299
9,1,3,6,3300
10,1,3,2,3301
5,4,3,9,3302
3,11,6,2,3303
1,3,2,8,3304
12,13,6,9,3305
13,12,3,10,3306
5,8,3,10,3307
3,14,5,10,3308
4,10,6,7,3309
14,10,8,4,3310
3,6,5,8,3311
12,8,6,5,3312
5,9,8,2,3313
11,8,7,2,3314
7,13,9,4,3315
6,2,4,3,3214
14,2,2,2,3215
14,3,10,7,3216
4,8,8,2,3217
5,10,2,7,3218
10,14,6,8,3219
3,13,8,10,3220
5,9,5,4,3221
6,8,9,2,3222
1,8,9,4,3223
