3,21,10,4,1451
24,19,5,10,1452
1,9,8,2,1453
22,23,8,3,1454
18,2,3,5,1455
14,10,5,3,1456
17,2,5,11,1457
14,6,7,7,1458
21,7,7,9,1459
21,19,10,10,1460
24,16,9,4,1461
22,5,8,7,1462
17,7,4,9,1463
12,6,10,8,1464
15,16,10,3,1465
14,1,6,7,1466
12,18,9,11,1467
23,12,8,10,1468
13,18,4,6,1469
20,5,2,10,1470
3,1,9,2,1471
4,5,8,7,1472
10,17,9,6,1473
8,6,3,6,1474
13,21,3,9,1475
12,17,2,6,1476
5,13,8,10,1477
11,16,7,6,1478
6,15,9,8,1479
10,24,2,3,1480
3,14,2,7,1481
10,20,4,9,1482
21,8,9,3,1483
15,11,3,3,1484
9,3,6,4,1485
15,24,3,3,1486
15,12,5,11,1487
21,16,9,3,1488
23,1,9,10,1489
12,3,3,3,1490
21,19,5,11,1491
5,10,2,8,1492
16,23,8,8,1493
15,12,5,2,1494
14,10,2,6,1495
16,13,7,2,1496
16,13,7,9,1497
6,7,9,7,1498
11,23,4,3,1499
4,20,4,4,1500
10,4,2,6,1401
6,21,3,7,1402
1,3,9,2,1403
1,2,9,4,1404
13,3,8,4,1405
14,11,9,7,1406
18,23,7,3,1407
7,19,5,10,1408
18,22,5,10,1409
9,23,10,7,1410
