7,2,9,2,1735
2,8,9,11,1736
15,8,9,5,1737
3,11,9,11,1738
7,15,5,10,1739
14,5,7,2,1740
8,9,6,2,1741
1,13,3,5,1742
14,5,8,2,1743
14,6,5,9,1744
5,14,8,2,1745
12,15,4,4,1746
13,14,6,2,1747
9,11,5,10,1748
12,4,9,5,1749
10,14,2,9,1750
10,14,2,6,1751
14,5,2,3,1752
4,13,4,2,1753
13,6,9,9,1754
12,9,9,3,1755
9,5,6,7,1756
12,15,6,4,1757
12,1,5,7,1758
10,6,7,9,1759
9,14,9,5,1760
11,12,2,11,1761
8,1,7,10,1762
2,5,8,3,1763
4,1,7,4,1764
14,6,2,9,1765
6,11,9,4,1766
2,12,9,4,1767
7,15,4,6,1768
9,10,9,8,1769
3,12,6,6,1770
14,13,10,4,1771
14,12,5,11,1772
9,11,9,9,1773
12,14,8,9,1774
10,5,3,4,1775
14,13,3,8,1776
11,6,3,4,1777
12,4,8,7,1778
7,14,4,4,1779
15,4,10,3,1780
14,15,2,8,1781
6,2,2,11,1782
5,7,10,5,1783
8,10,7,8,1784
3,13,2,8,1785
14,6,3,4,1684
9,15,7,10,1685
11,6,7,7,1686
13,14,9,4,1687
9,13,6,3,1688
4,7,8,8,1689
7,4,4,4,1690
11,8,8,11,1691
12,9,7,5,1692
12,5,6,6,1693
