13,15,6,4,1751
23,6,2,9,1752
2,3,3,7,1753
23,15,8,6,1754
2,9,9,7,1755
3,4,4,4,1756
23,13,10,10,1757
16,14,3,2,1758
20,8,7,7,1759
7,6,9,2,1760
1,18,4,3,1761
16,17,4,6,1762
23,2,8,9,1763
17,18,10,11,1764
19,13,4,6,1765
3,19,10,2,1766
20,12,8,9,1767
7,24,3,4,1768
17,4,8,10,1769
2,23,2,4,1770
23,22,8,8,1771
8,14,8,6,1772
19,4,10,2,1773
19,18,10,5,1774
8,7,4,2,1775
3,21,10,7,1776
5,9,5,11,1777
13,14,10,8,1778
16,24,7,2,1779
10,11,8,10,1780
19,7,5,9,1781
4,16,6,4,1782
11,16,9,2,1783
9,1,6,9,1784
18,20,7,3,1785
23,6,10,9,1786
19,6,6,7,1787
21,1,9,7,1788
8,9,10,6,1789
17,16,3,9,1790
1,11,6,7,1791
18,15,8,4,1792
8,11,5,9,1793
6,9,9,9,1794
5,19,2,8,1795
4,13,8,2,1796
21,11,6,8,1797
11,19,6,9,1798
3,2,5,8,1799
4,17,9,11,1800
14,15,8,8,1701
3,19,10,10,1702
16,17,3,5,1703
20,21,9,4,1704
14,24,10,7,1705
24,5,7,2,1706
20,5,2,5,1707
16,11,3,8,1708
14,20,4,9,1709
17,20,9,8,1710
