21,13,8,5,801
18,22,2,10,802
19,16,5,4,803
23,12,4,11,804
13,21,10,11,805
20,21,5,5,806
22,17,5,2,807
8,19,4,8,808
8,6,9,7,809
4,5,4,5,810
20,17,8,10,811
6,16,10,3,812
9,16,4,4,813
12,11,9,10,814
1,24,8,11,815
16,6,3,8,816
23,2,8,11,817
4,12,5,9,818
6,5,2,10,819
3,15,6,4,820
12,11,10,3,821
14,15,8,7,822
10,2,6,11,823
18,22,5,2,824
24,14,7,5,825
18,19,5,9,826
14,13,2,11,827
22,11,8,7,828
5,23,8,3,829
6,22,6,4,830
12,14,4,2,831
17,18,4,9,832
19,17,10,8,833
5,6,6,4,834
10,7,5,6,835
9,15,10,6,836
23,4,2,2,837
18,15,4,8,838
11,1,2,7,839
21,5,7,9,840
15,8,8,10,841
5,10,7,6,842
4,8,8,6,843
7,15,4,6,844
8,19,6,8,845
5,12,4,2,846
8,2,8,8,847
4,23,4,8,848
13,21,3,7,849
9,6,3,2,850
8,6,5,11,751
11,2,6,9,752
10,15,6,6,753
5,23,6,3,754
6,7,2,3,755
20,14,3,10,756
6,1,2,7,757
22,23,5,7,758
17,19,8,7,759
16,11,10,5,760
