10,18,7,8,4951
1,24,8,4,4952
2,14,7,3,4953
9,17,7,11,4954
2,5,6,7,4955
7,20,7,2,4956
20,12,4,5,4957
17,8,4,8,4958
15,9,6,6,4959
6,15,4,3,4960
7,9,5,9,4961
19,16,9,9,4962
11,19,7,5,4963
22,9,7,3,4964
21,19,9,11,4965
11,10,7,5,4966
9,22,6,4,4967
9,23,5,5,4968
12,16,9,9,4969
5,23,7,8,4970
5,7,7,5,4971
23,15,4,7,4972
6,21,3,3,4973
13,11,10,6,4974
1,14,5,7,4975
8,6,4,10,4976
3,21,3,11,4977
14,7,9,2,4978
11,9,3,3,4979
11,2,10,5,4980
12,4,10,2,4981
9,13,7,7,4982
24,5,5,8,4983
3,17,6,2,4984
23,21,9,11,4985
24,5,10,4,4986
3,15,5,2,4987
7,2,6,9,4988
8,17,10,4,4989
13,18,6,8,4990
14,3,7,5,4991
1,6,9,2,4992
9,4,10,2,4993
15,19,3,4,4994
14,16,8,2,4995
4,22,4,7,4996
7,11,4,2,4997
13,16,6,8,4998
14,3,6,11,4999
9,3,10,11,5000
1,3,9,11,4901
9,17,6,5,4902
2,10,3,7,4903
1,11,9,4,4904
15,16,6,9,4905
5,1,5,10,4906
3,24,9,8,4907
14,18,3,11,4908
18,7,5,4,4909
12,6,6,5,4910
