24,4,2,7,1001
23,24,3,4,1002
19,20,5,2,1003
24,18,2,3,1004
5,9,6,10,1005
16,7,4,11,1006
11,12,6,8,1007
6,19,5,10,1008
2,6,6,10,1009
5,20,10,11,1010
8,17,10,9,1011
12,19,2,6,1012
8,3,2,2,1013
10,13,6,11,1014
23,20,3,11,1015
12,19,4,2,1016
1,15,8,9,1017
20,13,5,2,1018
19,15,4,3,1019
5,22,7,9,1020
14,10,5,11,1021
16,18,3,2,1022
15,23,4,9,1023
12,11,5,7,1024
22,21,7,2,1025
2,24,8,5,1026
1,18,10,8,1027
22,11,9,5,1028
7,12,2,2,1029
15,22,6,9,1030
22,19,6,5,1031
19,13,8,10,1032
11,16,7,4,1033
22,14,10,10,1034
21,24,10,2,1035
5,9,7,5,1036
19,15,6,3,1037
4,17,2,9,1038
18,15,6,2,1039
6,13,5,7,1040
11,23,10,3,1041
7,4,6,10,1042
21,22,7,5,1043
10,20,2,11,1044
1,24,5,6,1045
11,23,8,11,1046
22,12,2,6,1047
3,16,3,3,1048
7,18,4,6,1049
3,2,7,8,1050
4,21,3,9,951
16,1,10,5,952
11,24,7,5,953
21,12,4,7,954
10,20,6,3,955
24,18,6,2,956
4,7,4,11,957
5,8,2,4,958
15,22,8,5,959
6,5,7,3,960
