18,14,4,3,3101
18,17,10,8,3102
19,20,9,7,3103
24,13,7,7,3104
8,3,9,2,3105
17,6,4,10,3106
19,1,5,2,3107
13,22,8,2,3108
10,5,9,2,3109
2,14,9,10,3110
18,13,8,2,3111
21,9,10,9,3112
15,4,2,7,3113
3,14,2,5,3114
2,11,8,5,3115
9,12,10,7,3116
5,16,4,3,3117
16,17,9,6,3118
11,13,8,4,3119
2,24,6,2,3120
9,7,7,5,3121
18,4,6,7,3122
12,13,7,4,3123
21,1,5,8,3124
12,11,7,6,3125
17,3,9,3,3126
9,3,4,11,3127
5,3,9,3,3128
7,2,4,11,3129
2,3,7,5,3130
4,21,6,4,3131
6,16,7,3,3132
9,13,5,10,3133
19,11,2,6,3134
19,8,5,11,3135
23,22,8,5,3136
14,18,10,8,3137
6,4,8,9,3138
19,6,2,2,3139
2,11,6,2,3140
18,19,9,6,3141
19,18,3,9,3142
23,12,3,10,3143
15,20,4,8,3144
20,13,6,6,3145
7,22,9,10,3146
18,22,7,3,3147
1,5,4,8,3148
18,23,8,8,3149
22,1,2,6,3150
4,3,8,7,3051
22,3,4,5,3052
16,7,10,6,3053
24,23,6,8,3054
9,8,10,3,3055
13,9,4,8,3056
10,8,10,10,3057
4,13,9,5,3058
8,1,7,11,3059
16,4,10,2,3060
