23,5,7,11,101
18,7,2,2,102
11,1,4,11,103
2,21,3,6,104
1,17,5,11,105
9,10,8,7,106
7,22,8,8,107
19,7,6,4,108
12,14,8,3,109
14,15,8,11,110
14,6,9,6,111
10,1,5,6,112
4,7,10,6,113
12,13,6,5,114
20,3,9,4,115
24,12,4,7,116
15,17,2,4,117
23,21,4,4,118
12,19,5,9,119
6,16,9,6,120
2,24,5,4,121
5,7,9,4,122
2,3,2,6,123
7,13,9,7,124
10,2,5,7,125
19,15,5,6,126
7,10,8,3,127
8,4,10,9,128
9,19,3,6,129
17,18,5,7,130
10,3,2,11,131
5,8,3,8,132
13,19,9,11,133
15,2,7,11,134
4,13,3,7,135
22,10,4,11,136
17,19,8,3,137
22,24,10,9,138
16,5,3,6,139
9,12,10,5,140
4,18,9,6,141
22,5,6,9,142
10,5,10,11,143
11,12,9,8,144
17,6,4,3,145
22,1,10,7,146
7,19,2,5,147
3,24,4,5,148
2,19,8,6,149
9,11,9,10,150
10,19,9,4,51
10,6,8,11,52
12,24,9,2,53
17,18,5,7,54
8,14,4,10,55
14,20,2,11,56
6,7,8,2,57
3,7,4,2,58
12,21,5,4,59
23,13,10,4,60
