23,8,8,10,851
15,22,10,4,852
8,19,7,11,853
2,18,2,2,854
17,2,8,6,855
11,17,9,6,856
24,15,4,10,857
14,6,4,11,858
7,23,5,2,859
12,1,8,11,860
20,8,3,4,861
2,20,3,2,862
13,15,8,4,863
18,3,9,2,864
5,23,8,6,865
19,11,3,2,866
17,20,2,4,867
21,1,4,9,868
16,12,8,8,869
6,12,2,2,870
20,17,3,3,871
8,11,4,4,872
22,19,8,11,873
20,15,2,3,874
5,18,2,7,875
5,21,8,3,876
2,16,9,10,877
14,18,5,4,878
13,23,4,10,879
2,5,6,4,880
10,20,4,2,881
12,5,9,4,882
13,5,4,10,883
9,19,8,8,884
5,10,7,9,885
15,24,5,4,886
2,4,3,3,887
19,3,7,5,888
13,21,4,2,889
15,14,8,11,890
16,7,10,10,891
4,12,3,9,892
21,16,3,9,893
13,8,6,2,894
16,8,2,11,895
13,15,7,8,896
18,7,8,4,897
12,14,3,8,898
20,2,10,6,899
16,9,2,5,900
21,13,2,5,801
18,22,5,10,802
19,16,10,4,803
23,12,9,11,804
13,21,8,11,805
20,21,7,5,806
22,17,2,2,807
8,19,2,8,808
8,6,7,7,809
4,5,5,5,810
