15,2,9,3,52
10,3,7,3,53
13,10,5,11,54
5,10,6,5,55
12,4,4,9,56
4,9,10,9,57
15,2,5,7,58
12,15,10,4,59
7,13,9,10,60
5,9,4,11,61
11,13,6,6,62
10,4,10,2,63
9,6,7,3,64
10,9,9,9,65
15,8,5,9,66
7,8,3,2,67
9,2,3,5,68
4,5,2,4,69
8,4,10,11,70
2,12,2,3,71
7,13,3,9,72
7,4,10,3,73
3,4,9,10,74
5,15,9,4,75
3,13,7,6,76
7,10,5,11,77
7,8,7,10,78
15,8,10,5,79
7,15,9,8,80
1,8,9,9,81
6,8,5,4,82
3,7,3,4,83
9,6,4,9,84
9,10,8,7,85
14,1,4,8,86
9,5,2,3,87
8,1,4,10,88
9,14,4,6,89
10,12,10,6,90
5,10,4,3,91
11,15,2,2,92
3,14,4,9,93
5,11,8,10,94
8,11,5,6,95
8,11,7,11,96
10,6,4,8,97
1,6,10,5,98
14,4,8,2,99
5,8,8,6,100
15,5,6,6,101
6,14,7,8,102
9,1,9,7,1
2,5,6,7,2
8,6,5,4,3
1,4,3,4,4
5,13,3,5,5
2,4,3,6,6
2,3,7,8,7
13,9,10,4,8
5,9,10,5,9
3,13,9,4,10
