3,7,4,10,3451
1,20,7,4,3452
9,19,4,8,3453
19,10,3,9,3454
13,9,4,7,3455
1,8,10,10,3456
19,16,7,5,3457
5,23,2,7,3458
13,19,8,11,3459
19,17,8,2,3460
20,18,5,7,3461
19,20,3,2,3462
24,6,7,11,3463
9,3,6,3,3464
20,16,2,4,3465
11,6,5,6,3466
4,21,10,7,3467
6,14,2,6,3468
6,9,5,4,3469
23,2,9,3,3470
9,3,8,3,3471
1,21,7,11,3472
4,9,4,8,3473
4,23,7,3,3474
21,24,7,2,3475
14,13,3,6,3476
7,23,7,8,3477
17,14,5,7,3478
12,22,4,9,3479
17,16,6,2,3480
9,14,10,6,3481
24,2,5,9,3482
9,1,7,6,3483
12,10,6,9,3484
10,12,8,5,3485
21,3,9,5,3486
10,9,7,8,3487
2,8,5,11,3488
12,23,6,4,3489
19,2,7,3,3490
22,2,3,6,3491
1,6,3,9,3492
6,15,8,3,3493
5,19,4,11,3494
21,9,4,4,3495
22,4,5,3,3496
24,22,9,7,3497
16,9,2,2,3498
8,14,9,6,3499
8,15,4,2,3500
5,17,8,9,3401
21,1,5,6,3402
24,5,2,3,3403
4,8,7,6,3404
13,16,5,10,3405
22,8,2,11,3406
10,23,4,4,3407
13,18,9,3,3408
21,11,6,11,3409
13,14,5,10,3410
