11,14,8,4,511
8,12,3,6,512
9,8,2,10,513
10,6,8,4,514
14,9,6,8,515
1,6,4,5,516
3,11,8,10,517
12,1,7,7,518
2,8,8,5,519
3,14,4,7,520
4,14,5,6,521
9,14,6,8,522
9,6,2,4,523
5,10,7,4,524
10,8,7,5,525
4,7,10,5,526
9,6,10,2,527
14,8,7,11,528
6,8,2,2,529
1,6,7,9,530
7,3,10,9,531
15,12,4,9,532
1,11,5,11,533
15,3,10,3,534
12,4,10,7,535
12,5,3,10,536
8,7,8,3,537
4,3,10,4,538
2,5,5,8,539
6,5,10,2,540
11,10,3,9,541
8,10,6,11,542
1,15,6,10,543
8,6,6,8,544
11,5,6,3,545
6,5,2,8,546
7,9,10,8,547
6,14,9,7,548
8,9,7,10,549
3,7,2,5,550
7,12,6,2,551
4,6,6,4,552
4,2,2,7,553
10,12,9,8,554
4,1,2,7,555
1,7,9,3,556
14,4,2,10,557
13,3,7,5,558
8,1,10,10,559
2,8,7,3,560
12,7,10,3,561
1,11,10,5,460
13,3,10,8,461
15,11,3,8,462
9,14,4,11,463
12,3,9,3,464
4,6,2,10,465
3,5,2,6,466
2,11,3,2,467
6,3,3,2,468
10,6,8,8,469
