6,7,8,11,1939
15,10,6,9,1940
2,7,6,2,1941
5,1,8,8,1942
15,4,10,5,1943
11,3,9,7,1944
11,13,6,10,1945
6,4,8,2,1946
5,15,2,5,1947
12,10,4,4,1948
12,8,10,5,1949
1,7,4,11,1950
11,6,4,7,1951
6,4,5,4,1952
7,12,6,4,1953
11,4,6,11,1954
6,9,8,4,1955
2,15,5,6,1956
3,11,3,2,1957
12,6,3,3,1958
5,4,5,3,1959
9,1,7,2,1960
6,9,10,4,1961
13,6,3,2,1962
10,13,8,4,1963
7,14,10,5,1964
11,3,7,8,1965
6,2,5,3,1966
11,2,3,5,1967
2,10,6,4,1968
5,7,8,6,1969
12,13,6,8,1970
15,13,8,11,1971
5,13,6,9,1972
14,4,2,6,1973
11,2,5,2,1974
8,6,8,3,1975
11,7,9,11,1976
8,14,3,9,1977
12,2,6,5,1978
1,3,5,9,1979
13,3,7,3,1980
8,5,7,10,1981
6,9,9,2,1982
8,5,5,9,1983
15,11,9,10,1984
7,12,5,3,1985
13,7,5,5,1986
2,12,9,7,1987
4,9,2,3,1988
7,4,10,2,1989
15,3,4,2,1888
10,9,4,10,1889
13,5,5,11,1890
12,9,3,11,1891
1,6,7,7,1892
13,12,7,6,1893
9,11,2,11,1894
8,15,6,2,1895
14,4,3,2,1896
10,9,6,2,1897
