8,3,6,7,3061
15,3,10,8,3062
6,4,2,6,3063
14,2,5,4,3064
3,8,10,4,3065
1,4,2,4,3066
14,11,7,7,3067
7,2,5,3,3068
4,6,8,9,3069
7,14,10,10,3070
13,4,10,7,3071
1,7,8,11,3072
8,12,10,3,3073
3,13,2,8,3074
15,1,9,10,3075
6,10,4,4,3076
13,2,3,4,3077
15,11,3,8,3078
7,4,2,5,3079
8,13,3,9,3080
13,1,8,3,3081
10,12,9,5,3082
8,11,6,5,3083
15,7,10,3,3084
6,5,4,10,3085
3,5,8,2,3086
6,9,4,8,3087
9,10,4,7,3088
10,14,3,9,3089
7,13,10,8,3090
6,2,5,8,3091
15,5,2,6,3092
14,15,3,10,3093
15,14,4,8,3094
14,1,2,8,3095
3,12,10,8,3096
7,2,3,9,3097
14,7,8,4,3098
8,10,4,2,3099
5,6,3,6,3100
6,5,8,8,3101
3,5,7,3,3102
9,8,2,2,3103
7,2,3,2,3104
14,6,6,11,3105
8,5,6,4,3106
6,9,10,4,3107
3,10,5,7,3108
6,14,4,9,3109
10,8,7,2,3110
15,10,5,10,3111
2,4,10,2,3010
1,11,3,9,3011
10,4,8,6,3012
1,9,6,5,3013
9,10,2,11,3014
3,13,7,10,3015
6,12,9,6,3016
3,14,9,7,3017
6,2,5,9,3018
12,5,7,8,3019
