23,3,9,11,2601
1,22,5,6,2602
2,17,10,2,2603
18,12,2,8,2604
18,16,8,7,2605
7,21,9,4,2606
7,8,9,8,2607
1,17,10,7,2608
18,3,2,8,2609
5,2,6,11,2610
6,17,6,6,2611
5,21,10,6,2612
6,3,6,9,2613
1,18,6,7,2614
11,9,6,8,2615
5,19,3,6,2616
24,10,5,10,2617
18,10,2,3,2618
1,23,7,2,2619
12,18,5,4,2620
10,3,4,5,2621
13,6,10,3,2622
24,4,9,3,2623
7,2,10,8,2624
22,9,9,6,2625
9,8,6,4,2626
3,20,4,8,2627
3,10,8,8,2628
15,8,3,6,2629
9,3,3,10,2630
16,22,8,10,2631
19,17,7,6,2632
20,15,3,2,2633
20,15,10,6,2634
15,13,6,9,2635
21,12,7,10,2636
2,20,9,10,2637
6,24,2,9,2638
9,18,9,11,2639
24,21,3,10,2640
18,19,3,3,2641
12,13,6,3,2642
16,1,10,10,2643
16,17,8,2,2644
2,1,9,4,2645
22,2,4,8,2646
12,8,3,10,2647
17,18,6,6,2648
19,10,3,2,2649
13,10,10,4,2650
14,6,7,3,2551
14,13,7,3,2552
20,11,7,6,2553
12,11,8,2,2554
15,23,7,3,2555
18,19,8,6,2556
6,12,3,3,2557
9,6,2,11,2558
9,12,10,2,2559
19,3,6,10,2560
