9,14,9,6,151
19,15,10,5,152
7,24,6,11,153
14,24,8,2,154
7,15,9,5,155
7,23,2,7,156
8,14,2,11,157
11,9,6,5,158
12,1,3,2,159
4,17,2,10,160
5,4,9,7,161
12,3,3,2,162
4,13,2,7,163
20,23,7,2,164
15,22,9,3,165
24,17,3,8,166
5,9,8,3,167
11,20,4,10,168
13,7,9,8,169
4,16,10,3,170
7,20,3,9,171
12,10,8,8,172
10,8,4,11,173
15,7,10,9,174
23,12,3,8,175
23,6,3,7,176
19,24,10,7,177
10,3,6,4,178
13,12,7,10,179
8,19,10,2,180
11,2,4,2,181
10,15,5,9,182
16,22,8,4,183
5,1,7,3,184
23,9,9,6,185
22,2,2,5,186
23,5,9,4,187
6,11,5,6,188
1,5,5,6,189
3,16,8,3,190
16,17,8,6,191
16,2,8,4,192
7,23,4,10,193
9,22,10,5,194
12,1,2,5,195
13,11,8,5,196
13,7,9,7,197
15,2,8,4,198
13,5,10,3,199
9,12,6,9,200
23,5,4,11,101
18,7,10,2,102
11,1,9,11,103
2,21,2,6,104
1,17,6,11,105
9,10,3,7,106
7,22,9,8,107
19,7,5,4,108
12,14,5,3,109
14,15,9,11,110
