3,1,7,10,307
2,12,6,6,308
2,6,7,9,309
9,13,10,3,310
14,9,8,3,311
7,2,9,3,312
1,5,8,5,313
6,14,9,9,314
11,14,7,8,315
12,2,4,3,316
10,3,5,8,317
11,2,3,4,318
8,6,3,3,319
1,14,9,7,320
14,10,9,10,321
8,9,2,11,322
3,8,4,2,323
3,10,9,4,324
7,10,2,11,325
2,10,9,6,326
10,8,3,10,327
10,8,4,8,328
4,1,9,7,329
3,15,8,3,330
2,5,4,9,331
14,6,4,6,332
12,2,4,11,333
11,3,10,9,334
11,15,9,9,335
3,12,4,9,336
10,1,7,9,337
14,13,5,11,338
12,9,3,2,339
1,11,3,9,340
15,4,6,7,341
8,3,8,6,342
2,11,5,10,343
11,8,8,5,344
11,1,10,2,345
3,2,7,9,346
5,10,7,11,347
12,9,6,8,348
15,4,2,7,349
5,3,3,4,350
13,3,5,10,351
5,1,4,6,352
12,13,2,10,353
3,9,6,10,354
3,15,4,4,355
14,7,2,5,356
1,14,3,11,357
6,7,5,8,256
2,12,3,4,257
4,5,5,4,258
11,13,7,7,259
2,1,3,7,260
12,6,3,8,261
7,15,7,9,262
14,3,2,5,263
14,3,8,11,264
3,14,5,6,265
