4,1,7,7,2551
1,2,9,2,2552
13,4,10,4,2553
4,8,5,11,2554
4,8,7,10,2555
1,13,10,6,2556
13,4,3,10,2557
7,12,6,3,2558
9,15,5,10,2559
8,5,9,9,2560
4,5,5,11,2561
4,11,4,7,2562
9,15,2,5,2563
6,8,10,5,2564
2,5,6,7,2565
5,12,3,11,2566
10,12,3,8,2567
10,6,7,6,2568
5,4,10,10,2569
11,15,4,2,2570
1,11,5,10,2571
10,13,6,8,2572
14,2,4,10,2573
6,7,9,7,2574
4,9,5,8,2575
4,13,6,10,2576
13,14,5,2,2577
10,1,8,8,2578
14,11,6,5,2579
5,6,5,2,2580
9,12,4,5,2581
10,4,5,11,2582
15,8,9,5,2583
1,9,8,3,2584
1,2,6,2,2585
12,8,10,5,2586
8,14,10,8,2587
5,6,6,4,2588
13,11,10,8,2589
5,8,3,11,2590
14,6,10,7,2591
8,13,10,9,2592
2,7,5,4,2593
13,8,5,7,2594
7,4,5,9,2595
13,7,10,4,2596
15,10,6,8,2597
6,5,3,3,2598
9,12,8,8,2599
3,11,3,9,2600
6,3,9,3,2601
15,1,10,8,2500
9,3,5,10,2501
8,12,5,6,2502
14,5,7,8,2503
7,9,9,10,2504
5,12,7,9,2505
12,5,9,5,2506
8,4,5,4,2507
9,14,8,7,2508
3,15,4,5,2509
