12,6,8,10,1072
3,15,8,10,1073
15,2,7,6,1074
2,8,10,7,1075
4,7,8,6,1076
5,10,7,5,1077
7,2,6,5,1078
11,1,7,9,1079
1,14,7,2,1080
4,10,3,10,1081
14,2,9,6,1082
7,6,5,8,1083
12,13,5,8,1084
12,1,2,7,1085
6,7,6,6,1086
14,12,10,8,1087
14,11,6,5,1088
5,13,6,7,1089
11,7,9,4,1090
12,2,3,2,1091
3,13,3,7,1092
15,1,8,7,1093
12,10,5,2,1094
10,15,7,2,1095
9,3,2,9,1096
13,14,10,7,1097
6,13,4,9,1098
6,5,2,7,1099
2,14,3,9,1100
9,1,8,2,1101
9,10,4,5,1102
1,4,6,3,1103
11,8,4,9,1104
8,11,5,3,1105
5,4,8,5,1106
10,3,3,6,1107
6,2,4,8,1108
2,9,4,6,1109
6,11,6,5,1110
3,14,4,9,1111
7,12,7,2,1112
1,2,2,6,1113
15,13,9,5,1114
7,10,5,9,1115
8,4,7,2,1116
1,9,5,3,1117
15,9,2,10,1118
11,6,10,2,1119
3,11,7,10,1120
13,8,6,10,1121
8,11,7,2,1122
14,5,7,4,1021
1,14,3,9,1022
10,12,2,8,1023
2,7,6,7,1024
12,6,2,4,1025
5,12,7,5,1026
2,11,10,5,1027
12,2,6,8,1028
12,13,7,11,1029
2,6,3,5,1030
