13,9,2,7,1378
1,13,4,6,1379
10,7,7,5,1380
5,6,5,2,1381
2,3,2,3,1382
1,14,2,10,1383
2,4,10,5,1384
8,12,3,9,1385
6,14,7,7,1386
8,9,10,11,1387
12,1,4,5,1388
15,2,4,10,1389
7,6,4,4,1390
7,6,7,9,1391
13,11,5,10,1392
14,6,9,11,1393
11,12,8,8,1394
14,4,4,4,1395
9,10,3,7,1396
10,4,8,6,1397
5,12,2,3,1398
2,1,3,6,1399
11,2,7,6,1400
9,3,9,2,1401
4,3,9,2,1402
11,7,4,11,1403
5,12,8,9,1404
1,4,7,7,1405
5,13,6,5,1406
13,15,5,10,1407
15,4,8,3,1408
14,7,8,8,1409
1,15,3,2,1410
11,9,8,4,1411
15,13,2,11,1412
1,10,7,11,1413
13,15,10,7,1414
14,8,9,9,1415
1,5,8,9,1416
10,5,9,9,1417
11,9,4,4,1418
8,14,10,10,1419
4,12,6,10,1420
15,6,4,7,1421
11,10,2,3,1422
1,6,9,6,1423
2,4,8,7,1424
5,9,4,10,1425
7,11,4,11,1426
3,1,2,6,1427
2,3,3,3,1428
13,3,8,8,1327
3,14,8,9,1328
7,10,5,2,1329
10,8,10,8,1330
1,5,2,8,1331
15,5,10,5,1332
12,13,8,4,1333
4,14,8,2,1334
15,2,9,5,1335
2,1,10,9,1336
