1,7,3,11,4744
12,11,10,4,4745
11,14,10,4,4746
2,9,3,10,4747
12,2,7,5,4748
9,12,4,6,4749
4,12,5,3,4750
11,6,10,8,4751
15,13,9,3,4752
7,12,7,4,4753
14,6,2,9,4754
7,1,6,4,4755
11,2,10,2,4756
11,4,6,11,4757
6,1,5,7,4758
11,3,9,9,4759
8,9,4,9,4760
5,7,8,5,4761
7,10,9,2,4762
15,7,2,11,4763
9,2,10,9,4764
10,7,6,7,4765
4,13,9,3,4766
13,7,10,8,4767
5,1,6,5,4768
13,15,6,5,4769
10,4,9,10,4770
10,12,10,10,4771
4,10,6,3,4772
12,2,10,10,4773
14,2,5,3,4774
4,9,6,10,4775
14,4,4,10,4776
1,9,4,6,4777
8,9,3,6,4778
13,12,4,2,4779
10,4,2,11,4780
13,15,2,9,4781
3,1,7,2,4782
3,14,4,2,4783
2,8,2,3,4784
14,12,10,3,4785
5,1,4,2,4786
12,14,4,2,4787
5,15,5,6,4788
10,7,9,5,4789
8,5,6,2,4790
5,12,10,7,4791
7,8,3,3,4792
8,2,8,11,4793
1,14,2,6,4794
5,13,8,4,4693
5,4,4,5,4694
5,3,10,10,4695
1,6,7,8,4696
4,15,8,8,4697
14,12,7,9,4698
2,13,4,5,4699
9,8,4,9,4700
4,11,6,4,4701
1,11,2,4,4702
