12,14,7,5,4846
5,6,5,3,4847
13,9,8,3,4848
10,1,7,9,4849
1,7,8,3,4850
2,11,6,3,4851
12,2,2,2,4852
3,4,10,4,4853
11,7,5,8,4854
14,1,8,10,4855
3,6,10,5,4856
4,12,7,9,4857
12,11,3,5,4858
11,8,7,2,4859
6,4,3,5,4860
9,12,5,10,4861
9,6,5,6,4862
8,15,8,4,4863
10,6,10,6,4864
8,12,4,3,4865
1,6,2,4,4866
10,7,8,7,4867
6,10,2,11,4868
7,6,8,5,4869
6,7,7,11,4870
14,12,3,10,4871
6,9,2,9,4872
8,5,6,7,4873
15,1,8,8,4874
7,2,9,9,4875
1,13,5,10,4876
11,8,2,2,4877
11,5,5,6,4878
10,2,6,8,4879
6,10,9,5,4880
13,1,8,9,4881
11,7,9,10,4882
6,4,7,8,4883
3,13,4,6,4884
6,4,4,4,4885
1,14,4,4,4886
9,4,10,7,4887
7,15,8,4,4888
15,9,4,7,4889
8,13,8,8,4890
8,11,10,2,4891
7,10,6,4,4892
13,3,9,5,4893
8,7,3,2,4894
2,7,4,5,4895
2,14,9,2,4896
14,10,3,4,4795
11,12,6,11,4796
1,14,10,2,4797
7,1,2,4,4798
3,1,9,10,4799
10,2,4,6,4800
10,7,4,4,4801
9,11,6,7,4802
14,3,7,7,4803
3,1,5,7,4804
