16,10,2,9,1301
13,20,2,9,1302
9,6,5,7,1303
17,5,8,3,1304
23,13,8,9,1305
9,17,8,4,1306
6,5,6,2,1307
18,5,2,6,1308
13,24,5,3,1309
8,9,2,6,1310
4,13,2,5,1311
9,22,3,8,1312
8,5,9,7,1313
2,19,10,2,1314
20,19,7,6,1315
4,10,3,3,1316
17,3,6,5,1317
5,15,6,10,1318
10,6,4,7,1319
20,7,3,4,1320
13,24,6,2,1321
17,10,4,7,1322
14,17,6,11,1323
23,20,3,8,1324
24,20,7,8,1325
12,5,3,8,1326
17,19,4,7,1327
7,1,6,5,1328
7,14,4,10,1329
13,12,3,9,1330
5,13,9,7,1331
8,13,10,11,1332
2,3,9,11,1333
5,6,7,6,1334
12,22,5,6,1335
21,6,9,10,1336
12,22,8,3,1337
20,18,8,8,1338
21,2,7,6,1339
5,9,4,5,1340
13,5,9,10,1341
21,5,3,8,1342
11,22,3,7,1343
22,21,8,10,1344
13,2,9,4,1345
6,10,8,5,1346
8,1,2,8,1347
12,17,9,10,1348
19,12,7,5,1349
4,19,2,9,1350
6,1,2,5,1251
21,14,4,2,1252
8,19,4,2,1253
3,2,4,4,1254
19,8,4,11,1255
11,12,2,5,1256
24,14,3,8,1257
24,13,10,10,1258
13,20,10,5,1259
12,2,2,11,1260
