12,18,9,7,2151
14,24,7,10,2152
7,2,8,3,2153
7,10,3,2,2154
7,13,9,11,2155
17,2,8,5,2156
20,7,3,7,2157
2,10,2,9,2158
21,12,2,5,2159
15,19,9,7,2160
5,7,6,9,2161
8,22,5,10,2162
10,1,4,10,2163
19,14,8,5,2164
16,14,4,10,2165
5,24,6,7,2166
20,18,7,2,2167
22,21,5,9,2168
14,12,2,8,2169
7,5,6,5,2170
24,6,2,6,2171
8,12,9,6,2172
8,24,7,3,2173
7,21,6,8,2174
19,20,10,3,2175
21,6,4,5,2176
3,20,2,2,2177
22,1,3,11,2178
5,21,4,6,2179
4,17,6,8,2180
1,12,6,7,2181
14,1,8,5,2182
21,19,4,2,2183
10,5,6,8,2184
16,22,2,5,2185
24,11,3,5,2186
15,23,10,3,2187
17,1,8,8,2188
23,6,8,7,2189
9,23,2,11,2190
24,11,4,11,2191
14,18,6,2,2192
21,5,10,2,2193
14,9,9,7,2194
1,2,6,2,2195
11,1,10,10,2196
13,9,4,5,2197
4,1,3,5,2198
2,6,7,7,2199
13,9,4,7,2200
23,10,10,4,2101
5,18,3,8,2102
1,21,9,8,2103
23,18,5,10,2104
7,21,10,11,2105
1,24,8,3,2106
1,17,10,6,2107
16,3,8,8,2108
1,23,4,2,2109
16,24,8,7,2110
