8,9,2,2,3901
17,13,7,10,3902
5,8,6,8,3903
15,11,9,5,3904
7,12,10,9,3905
10,21,6,3,3906
3,2,8,5,3907
19,4,5,5,3908
2,20,2,7,3909
10,24,6,10,3910
1,15,6,8,3911
3,5,9,4,3912
18,1,3,10,3913
20,2,7,10,3914
10,3,6,9,3915
21,8,10,2,3916
15,1,7,10,3917
13,10,9,9,3918
3,16,9,7,3919
17,13,8,9,3920
17,24,10,8,3921
10,14,2,7,3922
10,23,4,7,3923
12,5,9,5,3924
3,7,4,4,3925
7,23,4,6,3926
13,3,10,11,3927
24,22,4,3,3928
8,2,9,3,3929
18,2,2,7,3930
4,6,4,7,3931
23,3,10,11,3932
15,17,7,3,3933
12,20,4,3,3934
23,24,7,7,3935
3,23,6,6,3936
1,17,7,4,3937
2,7,7,6,3938
12,3,10,11,3939
14,21,2,8,3940
19,12,2,2,3941
24,4,7,3,3942
16,11,3,7,3943
22,9,9,11,3944
15,18,4,8,3945
21,1,6,4,3946
17,1,4,4,3947
24,18,4,7,3948
2,12,4,11,3949
18,21,3,5,3950
20,5,4,5,3851
2,3,10,10,3852
15,8,10,10,3853
23,8,4,11,3854
12,21,7,7,3855
4,19,6,7,3856
4,1,2,3,3857
2,23,9,9,3858
15,14,7,2,3859
21,13,5,11,3860
