4,15,7,6,2398
12,9,10,9,2399
3,12,7,5,2400
14,1,2,11,2401
13,11,9,9,2402
15,12,6,6,2403
1,12,5,5,2404
14,8,2,10,2405
10,2,5,2,2406
3,4,3,6,2407
11,8,7,9,2408
2,7,6,2,2409
4,11,5,8,2410
9,7,4,10,2411
9,10,3,7,2412
8,1,10,9,2413
5,12,10,2,2414
8,2,6,9,2415
7,10,9,3,2416
13,4,3,3,2417
2,11,6,8,2418
9,7,3,6,2419
12,8,9,2,2420
2,15,5,9,2421
1,8,6,3,2422
13,4,9,8,2423
14,7,10,7,2424
3,1,8,9,2425
6,13,2,7,2426
2,6,10,11,2427
5,6,5,3,2428
3,14,6,3,2429
12,9,7,7,2430
7,9,3,8,2431
12,2,6,3,2432
1,11,3,5,2433
4,3,5,11,2434
6,10,8,8,2435
2,3,3,4,2436
9,2,4,11,2437
3,15,6,9,2438
2,1,10,7,2439
5,6,6,2,2440
15,6,4,8,2441
9,1,10,2,2442
7,6,7,2,2443
1,7,4,11,2444
6,4,8,9,2445
14,13,10,7,2446
3,11,9,2,2447
6,13,5,6,2448
13,8,9,3,2347
2,5,3,4,2348
13,11,9,8,2349
3,13,4,3,2350
2,12,8,10,2351
2,14,5,7,2352
15,6,9,4,2353
13,6,7,7,2354
3,11,4,3,2355
1,4,10,7,2356
