2,8,8,3,4801
2,19,9,6,4802
15,5,8,9,4803
6,7,4,5,4804
1,17,6,3,4805
13,20,2,3,4806
4,22,10,4,4807
13,2,7,5,4808
3,20,6,3,4809
18,17,7,6,4810
24,10,2,6,4811
5,20,9,11,4812
13,11,7,2,4813
22,10,6,2,4814
11,22,2,10,4815
4,10,7,10,4816
2,5,6,2,4817
4,21,4,7,4818
18,23,9,8,4819
5,19,3,4,4820
18,20,3,6,4821
1,19,9,11,4822
13,6,3,11,4823
12,19,8,6,4824
19,23,6,11,4825
14,16,3,6,4826
8,24,2,11,4827
17,23,9,6,4828
1,17,9,2,4829
12,22,3,4,4830
24,9,6,11,4831
23,12,4,3,4832
5,10,10,6,4833
5,11,7,8,4834
14,1,6,4,4835
8,15,3,10,4836
3,4,5,3,4837
17,18,8,8,4838
19,8,7,2,4839
19,7,7,6,4840
22,14,9,8,4841
6,20,9,5,4842
6,8,3,6,4843
23,18,6,10,4844
21,12,2,2,4845
3,15,7,4,4846
5,16,3,4,4847
20,17,7,8,4848
19,16,6,7,4849
9,18,8,2,4850
21,4,5,8,4751
12,14,7,4,4752
11,16,3,7,4753
15,6,5,9,4754
1,24,6,6,4755
5,7,3,9,4756
5,4,5,10,4757
2,20,6,9,4758
1,14,6,6,4759
11,10,5,4,4760
