2,4,6,2,3010
1,11,5,9,3011
10,4,3,6,3012
1,9,3,5,3013
9,10,6,11,3014
3,13,6,10,3015
6,12,3,6,3016
3,14,6,7,3017
6,2,3,9,3018
12,5,6,8,3019
12,11,4,11,3020
10,11,5,9,3021
15,9,9,4,3022
6,13,10,7,3023
7,2,8,2,3024
2,4,10,11,3025
14,10,9,6,3026
4,5,2,2,3027
5,1,10,11,3028
7,11,7,3,3029
6,10,4,2,3030
5,12,10,8,3031
2,4,6,7,3032
14,6,7,6,3033
4,5,4,3,3034
8,4,7,11,3035
9,10,4,3,3036
15,5,6,9,3037
3,4,3,11,3038
11,12,7,2,3039
3,6,3,10,3040
15,2,5,8,3041
4,1,9,6,3042
6,9,4,4,3043
15,3,2,11,3044
11,10,9,8,3045
4,2,6,10,3046
1,5,7,5,3047
1,9,3,6,3048
12,6,2,8,3049
8,13,10,6,3050
14,11,10,4,3051
5,1,9,9,3052
10,12,9,4,3053
15,10,9,10,3054
11,12,10,6,3055
7,12,10,3,3056
10,13,10,11,3057
12,4,2,10,3058
3,7,2,7,3059
15,11,2,10,3060
8,9,9,9,2959
5,4,3,4,2960
15,5,4,5,2961
6,10,2,5,2962
2,7,5,9,2963
2,8,6,9,2964
3,13,9,10,2965
5,1,4,6,2966
11,3,7,4,2967
14,9,10,5,2968
