20,7,8,9,601
10,2,5,4,602
13,2,9,2,603
18,24,10,8,604
24,15,8,2,605
19,13,4,6,606
7,20,7,2,607
11,7,10,8,608
3,20,7,10,609
10,23,5,11,610
23,3,6,6,611
22,10,10,4,612
17,19,4,2,613
12,22,5,6,614
1,12,2,11,615
7,19,6,2,616
20,24,9,6,617
5,1,2,6,618
14,6,3,11,619
23,8,7,7,620
18,15,3,8,621
4,11,2,9,622
1,16,9,10,623
16,11,7,6,624
9,16,10,6,625
14,20,3,4,626
3,2,8,8,627
14,2,2,7,628
10,15,5,11,629
9,7,5,6,630
11,17,9,4,631
19,13,8,6,632
24,1,7,9,633
18,19,2,4,634
9,6,3,9,635
10,16,4,11,636
7,9,6,11,637
9,23,4,6,638
16,14,5,11,639
15,24,4,7,640
4,5,3,3,641
6,21,8,3,642
9,23,2,11,643
16,19,6,2,644
3,8,2,5,645
8,5,3,5,646
16,15,8,5,647
7,13,3,8,648
19,11,8,9,649
17,2,9,7,650
22,9,8,11,551
23,3,5,11,552
4,10,10,9,553
3,24,10,6,554
1,7,9,2,555
8,23,10,3,556
21,8,10,8,557
17,15,8,2,558
24,6,5,6,559
23,18,5,7,560
