1,23,7,4,4001
6,3,5,7,4002
13,1,5,10,4003
24,15,5,4,4004
23,2,4,4,4005
2,15,10,9,4006
15,23,3,2,4007
6,5,7,3,4008
10,15,5,8,4009
11,14,5,3,4010
9,3,10,4,4011
7,14,6,6,4012
14,21,10,7,4013
3,10,5,3,4014
19,1,3,7,4015
19,22,7,7,4016
19,13,9,10,4017
5,15,9,6,4018
16,8,8,2,4019
11,24,4,5,4020
7,3,10,3,4021
14,10,4,4,4022
22,17,2,3,4023
21,6,8,3,4024
14,22,4,10,4025
13,21,7,7,4026
1,23,7,11,4027
23,5,2,4,4028
23,10,2,4,4029
19,24,4,10,4030
4,22,6,7,4031
8,13,3,9,4032
3,19,4,9,4033
11,4,7,8,4034
13,15,9,10,4035
22,10,10,8,4036
2,9,5,2,4037
12,10,10,11,4038
3,4,7,9,4039
13,24,3,5,4040
4,2,2,7,4041
22,21,2,6,4042
3,2,7,9,4043
24,8,9,10,4044
14,20,7,2,4045
7,24,10,5,4046
20,4,10,8,4047
22,11,8,8,4048
21,22,5,6,4049
9,20,10,2,4050
6,22,9,2,3951
24,6,2,5,3952
1,24,10,10,3953
17,4,5,8,3954
3,23,3,6,3955
19,15,3,11,3956
3,24,5,7,3957
6,3,3,5,3958
18,9,5,10,3959
1,20,4,11,3960
