13,14,5,2,1225
4,3,5,7,1226
15,6,6,10,1227
11,14,5,5,1228
3,14,8,8,1229
3,10,8,5,1230
7,8,10,5,1231
1,7,8,10,1232
11,13,10,8,1233
15,2,2,8,1234
2,14,7,11,1235
10,4,2,9,1236
1,9,6,2,1237
4,1,9,7,1238
14,15,2,6,1239
10,4,9,5,1240
10,7,4,4,1241
4,8,9,2,1242
1,11,6,9,1243
3,15,5,10,1244
13,9,4,4,1245
2,11,8,7,1246
2,6,4,8,1247
1,11,3,8,1248
12,14,6,9,1249
15,4,4,11,1250
5,10,10,8,1251
6,7,9,7,1252
15,5,4,2,1253
5,7,5,5,1254
1,3,8,11,1255
2,3,7,6,1256
10,4,6,5,1257
14,6,10,3,1258
15,12,5,9,1259
15,8,9,6,1260
14,3,9,5,1261
5,4,10,11,1262
6,15,3,7,1263
8,15,10,10,1264
13,6,7,10,1265
14,3,4,8,1266
7,3,3,3,1267
12,5,2,7,1268
2,9,2,3,1269
15,1,4,8,1270
4,6,8,2,1271
9,5,7,7,1272
15,7,2,2,1273
3,9,8,9,1274
4,5,3,6,1275
9,11,5,4,1174
10,14,2,10,1175
1,3,6,10,1176
6,13,10,3,1177
7,9,7,9,1178
11,9,8,10,1179
2,15,8,6,1180
9,13,4,9,1181
6,2,8,2,1182
14,1,3,10,1183
