8,13,3,8,401
1,20,4,10,402
11,24,2,11,403
7,21,8,4,404
5,6,6,5,405
12,11,2,2,406
4,10,5,10,407
9,4,10,3,408
15,20,7,11,409
6,12,3,11,410
13,16,2,8,411
13,24,6,2,412
20,2,3,3,413
4,11,8,6,414
5,16,3,10,415
14,24,7,11,416
7,17,5,5,417
19,21,9,8,418
14,12,8,8,419
2,24,4,10,420
7,1,10,6,421
17,18,2,2,422
14,1,10,8,423
7,16,6,11,424
23,10,4,2,425
1,3,4,8,426
6,9,9,5,427
24,17,6,3,428
16,4,7,7,429
22,10,5,7,430
14,21,4,5,431
2,8,8,4,432
14,19,9,6,433
22,17,5,8,434
12,11,3,4,435
16,4,6,7,436
21,24,4,4,437
11,2,5,11,438
21,23,3,11,439
12,13,9,11,440
2,21,6,2,441
2,20,9,8,442
14,20,9,3,443
3,7,7,4,444
17,9,6,9,445
14,10,2,3,446
13,4,8,7,447
1,10,10,6,448
1,16,6,4,449
1,2,2,6,450
21,24,3,10,351
22,17,3,8,352
9,24,10,4,353
8,15,3,9,354
5,21,6,9,355
12,3,5,2,356
13,6,7,9,357
6,21,6,10,358
18,17,4,8,359
6,20,10,4,360
