15,22,5,8,4301
8,5,9,3,4302
1,17,10,3,4303
15,2,4,4,4304
6,22,7,10,4305
22,14,6,9,4306
17,20,8,8,4307
24,9,5,2,4308
11,10,6,10,4309
22,18,6,6,4310
1,10,10,11,4311
24,15,6,11,4312
2,10,2,2,4313
10,19,4,6,4314
20,8,2,3,4315
2,8,8,8,4316
16,13,2,3,4317
9,4,7,8,4318
16,18,2,7,4319
7,6,8,6,4320
14,23,6,5,4321
14,11,6,7,4322
8,5,5,7,4323
17,14,7,3,4324
23,18,10,10,4325
20,1,5,9,4326
24,13,4,11,4327
14,4,5,5,4328
23,19,7,9,4329
7,16,9,11,4330
14,24,6,9,4331
17,21,7,10,4332
18,23,6,9,4333
20,7,9,9,4334
20,12,10,9,4335
19,23,6,11,4336
15,17,10,8,4337
14,6,8,4,4338
18,15,2,11,4339
8,7,3,9,4340
7,12,9,4,4341
3,7,3,7,4342
2,11,3,7,4343
1,9,9,8,4344
18,24,2,2,4345
11,14,3,10,4346
19,17,4,8,4347
16,24,3,5,4348
13,19,6,11,4349
5,6,5,8,4350
23,9,10,2,4251
15,12,4,4,4252
23,21,3,2,4253
6,1,7,7,4254
13,12,2,7,4255
1,23,6,7,4256
10,3,5,2,4257
6,14,6,11,4258
7,15,5,10,4259
18,23,8,7,4260
