10,15,5,8,2245
2,7,7,4,2246
1,12,8,6,2247
3,10,6,5,2248
3,8,10,5,2249
12,6,9,4,2250
4,6,2,8,2251
4,11,10,4,2252
5,10,5,5,2253
10,8,9,6,2254
12,9,2,4,2255
1,6,3,3,2256
7,10,6,2,2257
13,7,10,8,2258
10,3,9,5,2259
15,10,3,4,2260
7,11,5,11,2261
4,5,8,3,2262
13,5,9,6,2263
7,12,9,6,2264
2,14,3,2,2265
1,3,2,9,2266
11,8,9,11,2267
7,6,7,10,2268
7,6,2,11,2269
6,10,5,5,2270
4,5,2,11,2271
8,12,5,5,2272
7,14,3,8,2273
11,2,9,5,2274
7,11,6,11,2275
14,4,9,3,2276
9,5,8,8,2277
5,6,2,7,2278
11,3,8,11,2279
6,4,3,9,2280
13,9,2,4,2281
11,9,9,8,2282
12,2,5,9,2283
6,10,4,10,2284
11,4,5,9,2285
14,2,8,4,2286
2,12,3,5,2287
12,10,6,4,2288
7,11,2,6,2289
7,12,8,2,2290
12,10,8,8,2291
8,15,2,2,2292
9,13,9,8,2293
14,3,3,9,2294
9,12,4,7,2295
15,3,10,8,2194
13,10,4,7,2195
4,6,8,11,2196
15,9,5,4,2197
1,14,3,3,2198
11,3,2,4,2199
12,3,10,10,2200
7,15,3,3,2201
14,7,5,7,2202
8,7,10,2,2203
