13,8,5,3,4999
10,7,8,3,5000
8,14,6,8,5001
5,1,6,7,5002
8,5,6,4,5003
9,2,9,9,5004
12,8,4,8,5005
15,4,3,2,5006
6,7,8,9,5007
5,8,6,11,5008
5,8,7,7,5009
12,13,10,7,5010
13,15,2,11,5011
10,6,10,8,5012
6,5,4,3,5013
14,12,4,8,5014
7,11,4,7,5015
7,1,4,6,5016
8,4,5,2,5017
15,11,6,5,5018
7,15,3,5,5019
13,4,5,9,5020
9,6,10,3,5021
4,3,8,8,5022
1,4,10,11,5023
11,14,8,8,5024
11,5,7,6,5025
3,4,6,7,5026
5,9,9,6,5027
8,5,4,5,5028
10,5,3,10,5029
8,13,10,8,5030
1,9,6,5,5031
12,6,9,4,5032
14,8,4,4,5033
2,10,5,8,5034
1,8,9,9,5035
4,7,5,11,5036
8,12,7,8,5037
11,1,8,8,5038
2,12,7,5,5039
11,1,6,5,5040
9,12,6,3,5041
6,1,2,5,5042
14,11,4,3,5043
2,9,5,3,5044
15,4,3,6,5045
10,3,7,5,5046
5,8,5,2,5047
13,11,5,9,5048
2,9,3,7,5049
6,5,5,10,4948
13,11,7,6,4949
10,1,7,4,4950
11,7,7,4,4951
10,2,5,2,4952
2,11,7,3,4953
15,7,3,4,4954
4,3,4,4,4955
8,4,10,5,4956
4,5,5,6,4957
