15,14,6,2,3724
10,13,9,3,3725
11,5,3,11,3726
13,9,4,3,3727
5,2,6,3,3728
10,12,3,7,3729
14,12,5,7,3730
8,11,2,9,3731
12,1,2,11,3732
11,13,5,8,3733
12,9,10,5,3734
8,9,3,9,3735
8,14,2,4,3736
12,10,6,4,3737
15,2,4,5,3738
13,4,6,5,3739
15,4,6,9,3740
10,14,8,3,3741
5,14,10,5,3742
9,3,2,9,3743
5,10,9,3,3744
8,14,5,5,3745
12,9,4,3,3746
2,5,5,10,3747
4,13,8,4,3748
11,14,6,4,3749
11,2,3,4,3750
5,15,9,4,3751
7,12,10,11,3752
10,12,8,2,3753
2,12,4,2,3754
1,3,10,2,3755
3,5,2,3,3756
12,14,7,2,3757
2,13,7,4,3758
8,12,10,11,3759
10,7,8,2,3760
11,5,2,10,3761
13,1,5,11,3762
12,13,6,7,3763
4,14,8,7,3764
11,12,10,3,3765
12,7,4,3,3766
7,14,8,4,3767
12,3,8,9,3768
10,4,4,4,3769
7,2,7,3,3770
5,15,8,11,3771
9,2,5,6,3772
5,7,5,5,3773
8,4,7,9,3774
2,6,2,11,3673
11,15,9,6,3674
11,4,7,6,3675
13,14,9,4,3676
4,9,10,10,3677
10,5,2,2,3678
6,9,9,8,3679
8,7,5,8,3680
2,8,10,2,3681
2,7,7,3,3682
