6,3,2,5,3367
15,5,7,2,3368
1,6,3,8,3369
9,5,5,10,3370
4,15,3,8,3371
4,13,10,10,3372
13,3,10,9,3373
4,12,9,11,3374
12,6,7,2,3375
6,1,9,8,3376
4,11,3,8,3377
6,14,6,4,3378
12,2,3,9,3379
5,2,5,7,3380
3,15,10,10,3381
15,1,2,8,3382
13,3,8,2,3383
5,11,5,7,3384
8,13,6,11,3385
11,3,8,9,3386
13,7,5,7,3387
15,13,9,6,3388
2,5,6,6,3389
7,15,3,7,3390
8,2,5,8,3391
14,3,2,8,3392
13,7,3,6,3393
9,1,2,8,3394
11,14,5,11,3395
4,8,4,7,3396
9,10,6,4,3397
15,6,8,2,3398
4,14,4,5,3399
15,13,6,9,3400
7,13,10,3,3401
4,13,5,3,3402
12,5,3,3,3403
12,5,5,8,3404
14,5,9,4,3405
13,11,8,3,3406
9,2,9,5,3407
6,15,6,4,3408
10,3,8,2,3409
14,9,10,2,3410
8,5,8,8,3411
12,2,8,4,3412
6,4,5,7,3413
2,10,3,9,3414
2,5,5,9,3415
5,3,2,7,3416
7,13,10,3,3417
7,1,8,11,3316
4,8,4,2,3317
11,1,9,8,3318
2,9,6,10,3319
1,12,7,4,3320
11,10,10,11,3321
3,5,7,7,3322
11,4,4,10,3323
15,14,4,10,3324
14,1,7,2,3325
