8,11,3,9,2143
10,12,8,10,2144
9,8,3,6,2145
10,6,6,6,2146
10,1,3,5,2147
2,6,10,11,2148
2,11,8,6,2149
5,7,5,10,2150
10,9,3,3,2151
15,14,4,7,2152
8,14,3,4,2153
3,12,6,6,2154
6,13,7,10,2155
14,11,4,4,2156
13,7,2,3,2157
9,11,6,8,2158
6,2,7,6,2159
13,14,4,3,2160
10,9,3,3,2161
10,15,6,2,2162
8,11,7,6,2163
2,6,7,11,2164
14,11,4,2,2165
3,9,10,2,2166
1,3,3,5,2167
4,7,9,7,2168
12,2,3,9,2169
4,7,9,10,2170
2,14,6,7,2171
1,7,4,7,2172
10,6,2,3,2173
5,7,2,5,2174
7,14,3,8,2175
9,15,9,9,2176
8,9,2,11,2177
9,8,5,6,2178
10,3,3,3,2179
6,5,4,8,2180
2,12,10,3,2181
13,3,2,7,2182
6,12,9,5,2183
11,13,9,3,2184
8,1,3,10,2185
14,7,9,9,2186
3,2,6,5,2187
9,5,10,8,2188
14,12,5,7,2189
13,11,3,8,2190
2,8,7,9,2191
13,15,10,6,2192
15,1,8,2,2193
14,4,3,10,2092
15,6,6,2,2093
3,5,2,11,2094
13,12,10,6,2095
15,12,2,10,2096
5,14,10,5,2097
15,3,8,4,2098
4,5,3,3,2099
13,6,5,5,2100
7,14,2,11,2101
