15,1,3,8,2500
9,3,6,10,2501
8,12,10,6,2502
14,5,4,8,2503
7,9,7,10,2504
5,12,3,9,2505
12,5,7,5,2506
8,4,3,4,2507
9,14,4,7,2508
3,15,7,5,2509
6,11,8,5,2510
2,3,2,6,2511
1,6,9,5,2512
10,14,10,3,2513
12,2,10,7,2514
3,8,8,5,2515
5,9,9,4,2516
14,1,4,7,2517
10,11,2,10,2518
15,12,7,2,2519
14,15,6,8,2520
2,10,3,5,2521
6,11,9,7,2522
3,2,5,8,2523
1,5,6,3,2524
15,8,5,8,2525
15,13,10,4,2526
11,15,5,7,2527
13,3,4,11,2528
1,2,3,8,2529
8,7,7,8,2530
2,14,8,3,2531
10,6,5,4,2532
5,13,8,7,2533
11,5,8,9,2534
9,14,3,4,2535
15,3,3,6,2536
14,3,4,6,2537
5,10,2,11,2538
14,4,4,8,2539
15,4,10,7,2540
6,5,6,5,2541
13,3,5,2,2542
7,1,9,2,2543
4,10,9,10,2544
8,9,3,11,2545
13,15,9,10,2546
4,1,9,6,2547
6,12,9,11,2548
4,10,4,8,2549
5,14,5,9,2550
6,10,3,2,2449
3,5,4,8,2450
3,6,4,4,2451
13,7,2,6,2452
2,14,8,3,2453
11,6,3,4,2454
3,2,9,10,2455
8,15,10,7,2456
15,13,3,6,2457
11,13,9,11,2458
