20,3,10,9,3551
6,8,5,8,3552
13,1,4,7,3553
11,4,3,10,3554
14,15,7,7,3555
24,16,9,2,3556
8,11,5,10,3557
11,20,6,9,3558
18,24,5,6,3559
19,5,8,8,3560
24,21,6,9,3561
7,6,5,6,3562
21,11,3,8,3563
1,19,9,8,3564
18,8,10,10,3565
23,18,8,4,3566
14,3,3,10,3567
1,13,9,6,3568
11,17,5,6,3569
16,2,5,9,3570
2,5,5,7,3571
12,13,2,11,3572
1,4,2,4,3573
17,5,4,8,3574
1,13,5,2,3575
3,15,10,2,3576
16,20,8,7,3577
17,24,8,5,3578
7,22,8,3,3579
8,10,7,10,3580
6,21,5,2,3581
12,1,7,8,3582
21,23,8,11,3583
24,21,10,10,3584
9,17,6,2,3585
19,2,6,2,3586
10,24,5,5,3587
22,19,2,2,3588
14,8,3,9,3589
9,16,8,10,3590
13,19,7,9,3591
19,12,10,5,3592
1,20,7,6,3593
18,12,4,11,3594
1,12,5,11,3595
13,6,4,5,3596
24,18,3,2,3597
20,8,8,2,3598
24,13,9,9,3599
20,22,5,6,3600
20,19,4,5,3501
22,5,5,4,3502
19,4,7,9,3503
16,8,8,10,3504
21,11,5,9,3505
14,10,8,4,3506
13,6,7,11,3507
11,7,5,2,3508
7,21,7,4,3509
10,5,6,11,3510
