20,19,8,5,3501
22,5,10,4,3502
19,4,2,9,3503
16,8,10,10,3504
21,11,8,9,3505
14,10,4,4,3506
13,6,6,11,3507
11,7,7,2,3508
7,21,5,4,3509
10,5,4,11,3510
5,13,2,4,3511
11,5,4,3,3512
12,2,4,4,3513
8,10,9,7,3514
10,24,8,5,3515
24,18,3,8,3516
18,8,10,10,3517
12,3,8,8,3518
4,11,10,5,3519
9,13,8,11,3520
21,11,6,10,3521
9,22,6,3,3522
21,6,2,10,3523
11,17,9,8,3524
5,6,9,6,3525
7,13,10,11,3526
23,19,5,8,3527
10,5,3,3,3528
12,4,7,4,3529
8,4,2,4,3530
17,2,3,11,3531
21,8,9,3,3532
4,20,10,3,3533
7,5,6,10,3534
2,1,6,3,3535
17,10,4,10,3536
19,12,7,3,3537
1,19,7,3,3538
9,4,10,5,3539
2,9,9,11,3540
19,16,5,7,3541
12,21,4,5,3542
15,12,4,7,3543
22,8,2,5,3544
23,24,3,6,3545
13,8,8,3,3546
15,8,4,6,3547
15,17,10,5,3548
1,8,4,4,3549
6,24,3,5,3550
3,7,2,10,3451
1,20,2,4,3452
9,19,6,8,3453
19,10,7,9,3454
13,9,7,7,3455
1,8,2,10,3456
19,16,4,5,3457
5,23,6,7,3458
13,19,10,11,3459
19,17,2,2,3460
