8,22,2,11,3351
16,3,5,11,3352
13,15,10,9,3353
7,6,6,3,3354
4,19,9,5,3355
13,21,6,5,3356
16,4,7,8,3357
22,2,5,9,3358
3,13,7,6,3359
7,4,9,4,3360
3,1,7,7,3361
13,23,10,4,3362
12,7,3,5,3363
13,2,2,3,3364
21,3,5,11,3365
16,21,10,8,3366
21,22,4,7,3367
19,24,2,10,3368
12,5,3,2,3369
4,23,6,9,3370
13,22,6,11,3371
8,10,5,7,3372
21,17,7,9,3373
2,11,6,6,3374
9,3,10,2,3375
10,5,9,8,3376
7,8,3,8,3377
6,20,9,8,3378
7,20,2,7,3379
20,23,4,2,3380
17,19,8,3,3381
8,20,7,7,3382
23,20,10,3,3383
8,21,3,9,3384
7,18,8,7,3385
14,10,7,7,3386
11,18,3,9,3387
23,12,10,10,3388
2,1,7,3,3389
23,13,6,9,3390
11,23,8,2,3391
3,7,5,11,3392
24,7,10,8,3393
24,4,10,6,3394
8,11,3,11,3395
12,14,5,2,3396
2,1,7,4,3397
6,2,6,7,3398
16,21,8,9,3399
15,19,8,3,3400
21,2,4,2,3301
20,8,2,3,3302
17,14,3,8,3303
5,19,3,3,3304
3,1,2,7,3305
22,17,6,10,3306
24,4,5,9,3307
7,20,8,2,3308
13,5,5,7,3309
11,9,2,3,3310
