12,1,8,7,2806
11,6,5,5,2807
14,1,8,8,2808
5,11,3,5,2809
10,12,7,10,2810
13,15,9,9,2811
4,15,7,4,2812
8,10,7,9,2813
14,12,8,11,2814
1,2,3,2,2815
15,2,7,3,2816
2,7,4,6,2817
12,6,6,10,2818
1,2,3,4,2819
9,14,9,9,2820
5,7,9,10,2821
9,4,4,11,2822
9,4,6,7,2823
8,7,9,8,2824
7,12,7,10,2825
2,8,6,8,2826
9,1,10,7,2827
9,7,3,3,2828
12,11,9,8,2829
13,14,6,9,2830
4,2,9,11,2831
13,15,2,6,2832
1,3,6,3,2833
3,12,4,4,2834
5,13,3,6,2835
6,12,10,10,2836
8,6,7,10,2837
1,6,3,7,2838
15,8,3,10,2839
11,10,2,5,2840
8,4,8,7,2841
11,8,5,8,2842
7,11,4,11,2843
14,9,3,8,2844
9,2,6,4,2845
10,12,2,3,2846
2,3,4,4,2847
2,1,5,7,2848
13,10,6,5,2849
9,14,4,10,2850
1,2,7,2,2851
3,9,6,2,2852
6,5,6,9,2853
10,14,5,3,2854
11,5,8,8,2855
6,4,4,7,2856
7,5,2,6,2755
14,8,5,5,2756
4,15,5,11,2757
13,15,6,2,2758
15,4,3,10,2759
1,6,6,6,2760
5,1,5,11,2761
2,6,3,9,2762
7,1,3,5,2763
3,10,7,8,2764
