3,6,9,6,2401
1,23,8,4,2402
23,18,3,4,2403
7,16,4,2,2404
13,2,9,3,2405
15,6,10,7,2406
13,22,2,7,2407
21,13,8,10,2408
2,9,6,4,2409
24,3,7,6,2410
21,16,3,7,2411
21,17,3,4,2412
16,6,9,10,2413
18,11,2,8,2414
17,19,2,11,2415
19,8,6,9,2416
5,17,9,11,2417
5,19,2,2,2418
14,17,7,10,2419
10,2,5,3,2420
9,22,10,5,2421
20,21,2,8,2422
8,21,7,9,2423
3,21,10,5,2424
2,21,8,7,2425
8,21,5,3,2426
7,16,5,10,2427
10,1,9,6,2428
9,17,8,2,2429
6,13,7,4,2430
3,4,8,6,2431
1,4,8,7,2432
17,12,9,2,2433
5,24,8,11,2434
19,15,2,10,2435
11,4,9,9,2436
4,1,6,3,2437
14,20,3,10,2438
24,12,8,9,2439
19,2,9,9,2440
12,21,8,8,2441
6,24,6,4,2442
18,16,3,10,2443
21,8,5,6,2444
13,24,4,8,2445
24,8,5,9,2446
19,17,5,5,2447
20,1,3,3,2448
5,10,2,2,2449
13,4,6,6,2450
19,14,8,11,2351
22,3,4,4,2352
8,6,7,3,2353
1,2,4,8,2354
19,1,3,3,2355
5,24,6,5,2356
20,19,3,3,2357
6,16,10,11,2358
11,21,10,3,2359
2,19,7,10,2360
