4,9,9,9,2801
7,10,3,10,2802
24,5,5,2,2803
15,14,4,9,2804
16,18,9,9,2805
21,2,10,10,2806
4,3,6,10,2807
18,24,4,9,2808
24,22,5,11,2809
18,15,5,10,2810
14,21,3,3,2811
19,11,10,9,2812
6,23,2,6,2813
7,5,2,11,2814
11,2,2,10,2815
8,18,7,3,2816
5,20,9,7,2817
10,23,9,9,2818
3,8,5,11,2819
16,14,3,9,2820
8,6,6,8,2821
14,7,10,9,2822
3,8,10,3,2823
20,16,2,4,2824
17,8,3,8,2825
20,5,7,7,2826
10,20,7,5,2827
6,20,4,10,2828
1,22,4,8,2829
24,2,6,5,2830
22,17,8,4,2831
8,5,10,7,2832
16,11,6,6,2833
7,12,5,3,2834
8,12,8,3,2835
1,7,9,7,2836
11,10,10,4,2837
15,2,3,2,2838
5,1,9,11,2839
3,21,5,8,2840
17,22,2,4,2841
8,18,3,6,2842
17,14,6,8,2843
10,18,5,7,2844
24,8,10,5,2845
12,17,2,4,2846
1,24,7,8,2847
7,21,2,7,2848
6,2,2,8,2849
9,8,5,10,2850
17,23,9,9,2751
17,11,9,8,2752
14,22,4,7,2753
12,7,5,2,2754
8,23,4,11,2755
6,12,3,9,2756
7,2,4,9,2757
20,23,10,4,2758
18,24,8,5,2759
17,3,5,7,2760
