22,11,8,4,1651
7,18,6,3,1652
10,2,7,7,1653
15,6,6,10,1654
20,6,8,4,1655
21,4,8,11,1656
20,10,3,6,1657
8,20,9,11,1658
20,24,5,5,1659
17,16,10,5,1660
11,6,8,2,1661
12,16,10,4,1662
7,22,9,11,1663
8,11,9,8,1664
9,21,10,4,1665
2,7,8,11,1666
16,23,4,6,1667
18,20,6,4,1668
11,12,9,11,1669
10,7,10,2,1670
14,23,4,9,1671
8,22,3,9,1672
16,23,9,2,1673
4,5,8,10,1674
12,6,3,3,1675
4,17,6,6,1676
15,21,8,6,1677
19,21,5,4,1678
2,8,7,2,1679
11,19,9,6,1680
15,10,8,2,1681
13,19,9,3,1682
10,3,4,2,1683
20,15,3,10,1684
5,19,3,8,1685
9,20,4,7,1686
20,13,10,6,1687
7,3,9,7,1688
9,8,10,7,1689
2,9,10,6,1690
14,10,5,6,1691
5,20,2,4,1692
20,3,10,10,1693
5,13,9,5,1694
20,22,9,11,1695
20,15,9,6,1696
4,11,7,3,1697
14,12,8,8,1698
4,2,6,4,1699
9,24,2,7,1700
21,16,3,7,1601
22,18,8,7,1602
14,19,4,6,1603
12,9,6,8,1604
13,14,4,7,1605
20,1,6,11,1606
12,24,6,10,1607
8,6,7,10,1608
2,8,9,9,1609
15,17,3,9,1610
