3,6,8,10,4438
10,11,9,10,4439
15,9,9,4,4440
11,12,5,4,4441
2,7,5,4,4442
14,7,4,9,4443
1,4,8,3,4444
11,8,10,8,4445
15,12,10,5,4446
15,3,8,3,4447
13,15,8,4,4448
7,2,6,6,4449
11,4,4,9,4450
11,13,6,4,4451
12,6,10,11,4452
15,4,2,3,4453
10,12,5,2,4454
6,13,10,6,4455
4,15,6,9,4456
12,13,5,9,4457
11,1,10,8,4458
3,6,9,10,4459
13,14,8,9,4460
9,8,2,5,4461
11,7,4,8,4462
11,10,6,10,4463
8,15,10,9,4464
3,7,8,3,4465
7,10,7,8,4466
14,11,9,7,4467
4,12,4,5,4468
7,4,10,2,4469
2,10,2,11,4470
5,9,7,2,4471
11,14,3,11,4472
13,10,5,9,4473
3,8,5,3,4474
15,11,2,2,4475
8,4,7,6,4476
5,7,5,5,4477
2,9,8,8,4478
7,8,3,7,4479
9,12,10,11,4480
15,7,5,8,4481
3,4,4,2,4482
12,2,7,10,4483
6,10,9,8,4484
9,6,2,3,4485
13,8,8,10,4486
9,13,8,10,4487
14,1,10,5,4488
6,4,6,9,4387
13,12,3,10,4388
5,11,7,4,4389
8,11,2,6,4390
4,5,7,2,4391
4,2,5,10,4392
4,10,8,9,4393
11,4,6,11,4394
8,12,5,5,4395
12,11,3,11,4396
