9,11,8,4,1174
10,14,10,10,1175
1,3,10,10,1176
6,13,5,3,1177
7,9,6,9,1178
11,9,3,10,1179
2,15,4,6,1180
9,13,8,9,1181
6,2,10,2,1182
14,1,9,10,1183
7,9,5,10,1184
7,10,2,10,1185
13,10,7,5,1186
7,1,5,10,1187
13,9,10,9,1188
11,1,3,10,1189
2,11,8,3,1190
3,12,6,5,1191
8,11,2,5,1192
14,8,2,9,1193
11,8,9,4,1194
5,1,6,6,1195
6,4,10,9,1196
8,13,6,11,1197
9,13,3,9,1198
5,14,10,6,1199
9,14,6,11,1200
2,9,9,7,1201
15,13,4,8,1202
11,12,10,10,1203
11,13,7,11,1204
9,3,6,9,1205
8,14,5,3,1206
4,12,9,11,1207
6,8,10,3,1208
6,15,3,8,1209
4,15,7,3,1210
11,6,9,9,1211
14,15,10,2,1212
13,1,2,8,1213
11,4,9,11,1214
8,10,6,6,1215
11,14,10,7,1216
2,3,2,5,1217
13,3,8,11,1218
3,2,6,7,1219
15,14,7,6,1220
12,11,10,11,1221
9,15,4,9,1222
7,9,7,5,1223
2,4,8,11,1224
2,5,9,2,1123
8,1,8,10,1124
9,8,7,5,1125
14,1,6,7,1126
4,2,9,3,1127
9,3,2,6,1128
1,5,9,2,1129
1,5,6,6,1130
1,5,2,6,1131
5,10,10,3,1132
