10,14,2,10,919
13,2,8,8,920
11,14,5,5,921
10,7,8,4,922
15,11,3,10,923
10,11,6,7,924
7,4,9,4,925
1,12,10,10,926
2,11,6,5,927
9,4,3,11,928
1,12,9,5,929
1,2,9,4,930
2,5,2,11,931
12,1,9,10,932
14,9,7,2,933
6,5,10,6,934
12,2,5,2,935
9,10,4,9,936
14,7,9,5,937
5,9,5,6,938
5,8,5,5,939
15,9,5,10,940
12,4,2,2,941
15,4,5,6,942
7,2,5,5,943
6,11,8,8,944
3,12,9,10,945
3,2,3,10,946
6,15,9,10,947
5,7,4,11,948
8,11,4,2,949
5,4,9,7,950
15,5,8,4,951
6,14,9,7,952
10,12,9,9,953
2,8,4,8,954
13,6,3,11,955
13,11,2,9,956
11,15,10,2,957
3,14,8,10,958
9,7,4,6,959
5,12,8,8,960
1,6,4,7,961
10,1,2,5,962
11,10,8,7,963
5,9,4,3,964
11,15,6,11,965
1,10,4,8,966
15,8,7,6,967
14,8,5,3,968
10,6,6,3,969
7,11,3,8,868
4,10,3,5,869
2,13,9,7,870
6,13,10,3,871
6,11,5,5,872
5,11,7,9,873
4,15,5,11,874
1,4,7,5,875
3,10,5,6,876
5,13,8,11,877
