2,12,10,11,1990
7,6,4,4,1991
8,11,5,4,1992
5,14,8,4,1993
8,10,9,7,1994
7,15,5,4,1995
14,12,7,3,1996
11,12,4,7,1997
8,13,9,11,1998
14,5,8,4,1999
9,8,3,9,2000
5,9,8,4,2001
8,6,6,6,2002
7,3,10,8,2003
13,5,2,5,2004
8,14,2,8,2005
14,11,5,2,2006
8,4,6,5,2007
10,6,10,8,2008
6,14,9,11,2009
14,1,9,5,2010
12,13,5,4,2011
1,4,10,10,2012
14,8,9,6,2013
8,12,6,2,2014
6,5,7,8,2015
14,1,9,8,2016
2,6,2,10,2017
8,7,8,6,2018
12,11,2,6,2019
8,9,10,6,2020
4,5,4,4,2021
11,6,3,11,2022
15,9,10,4,2023
8,1,6,4,2024
13,4,6,4,2025
7,8,3,3,2026
13,7,6,7,2027
4,11,8,11,2028
6,7,4,6,2029
10,11,10,11,2030
10,8,7,6,2031
10,1,2,6,2032
12,2,7,7,2033
3,4,8,6,2034
10,8,5,8,2035
5,15,5,2,2036
10,5,6,8,2037
11,3,2,10,2038
7,5,7,4,2039
2,11,8,6,2040
6,7,10,11,1939
15,10,2,9,1940
2,7,5,2,1941
5,1,5,8,1942
15,4,5,5,1943
11,3,3,7,1944
11,13,8,10,1945
6,4,6,2,1946
5,15,6,5,1947
12,10,7,4,1948
