6,2,9,3,3214
14,2,7,2,3215
14,3,3,7,3216
4,8,7,2,3217
5,10,6,7,3218
10,14,5,8,3219
3,13,9,10,3220
5,9,7,4,3221
6,8,10,2,3222
1,8,7,4,3223
14,7,3,8,3224
15,6,7,8,3225
10,7,7,9,3226
5,6,9,10,3227
2,8,2,3,3228
5,4,5,2,3229
11,10,4,11,3230
3,4,5,6,3231
7,13,6,11,3232
7,12,5,3,3233
9,6,6,11,3234
12,13,3,5,3235
9,12,7,5,3236
4,5,7,8,3237
2,3,3,6,3238
10,13,6,5,3239
13,1,7,9,3240
6,4,6,10,3241
6,9,8,3,3242
6,15,10,9,3243
10,1,8,3,3244
15,13,4,10,3245
13,8,3,11,3246
8,2,9,10,3247
13,12,10,2,3248
15,11,8,3,3249
6,13,10,3,3250
2,12,9,5,3251
3,11,8,11,3252
2,13,9,7,3253
9,15,8,8,3254
4,7,2,11,3255
5,15,5,4,3256
8,6,2,4,3257
15,1,3,3,3258
8,13,5,6,3259
8,13,6,2,3260
3,1,9,8,3261
1,5,5,9,3262
2,13,10,11,3263
14,9,5,3,3264
3,7,7,8,3163
14,6,7,11,3164
5,13,6,9,3165
6,15,9,4,3166
2,5,9,10,3167
6,15,10,10,3168
11,6,4,4,3169
6,10,8,3,3170
1,10,2,8,3171
11,4,2,10,3172
