6,22,3,2,3951
24,6,6,5,3952
1,24,4,10,3953
17,4,10,8,3954
3,23,10,6,3955
19,15,8,11,3956
3,24,6,7,3957
6,3,2,5,3958
18,9,7,10,3959
1,20,3,11,3960
7,21,4,3,3961
17,5,4,6,3962
20,23,10,8,3963
7,5,2,2,3964
14,4,6,7,3965
11,23,10,5,3966
23,18,10,5,3967
19,3,10,9,3968
3,2,5,11,3969
3,15,9,7,3970
14,3,2,8,3971
16,21,2,7,3972
12,6,10,11,3973
5,22,3,4,3974
22,5,6,9,3975
1,4,6,5,3976
22,11,6,4,3977
13,19,8,2,3978
21,10,8,9,3979
12,14,9,11,3980
12,19,9,9,3981
2,6,2,6,3982
5,10,6,4,3983
18,22,7,6,3984
7,23,3,4,3985
13,20,5,9,3986
19,5,5,3,3987
13,11,10,8,3988
18,14,3,10,3989
15,8,6,8,3990
20,14,3,10,3991
13,23,7,9,3992
23,14,9,7,3993
23,12,6,9,3994
10,17,10,5,3995
1,16,9,6,3996
13,12,4,4,3997
5,10,10,8,3998
18,23,5,7,3999
3,5,3,9,4000
8,9,6,2,3901
17,13,10,10,3902
5,8,3,8,3903
15,11,10,5,3904
7,12,9,9,3905
10,21,10,3,3906
3,2,2,5,3907
19,4,9,5,3908
2,20,3,7,3909
10,24,4,10,3910
