4,1,4,8,1429
5,3,5,2,1430
14,5,2,10,1431
4,15,4,11,1432
15,1,10,6,1433
2,7,4,7,1434
14,11,7,9,1435
10,12,8,4,1436
15,11,9,7,1437
1,5,4,4,1438
2,7,9,6,1439
11,7,10,4,1440
14,13,9,3,1441
12,15,3,4,1442
4,11,4,5,1443
4,12,7,3,1444
6,13,5,10,1445
6,2,5,11,1446
2,11,2,7,1447
13,1,2,2,1448
15,3,8,5,1449
13,12,8,9,1450
2,15,2,3,1451
8,3,6,6,1452
14,15,2,11,1453
7,15,4,5,1454
5,9,4,6,1455
3,8,6,6,1456
12,9,9,7,1457
11,8,2,6,1458
13,7,10,3,1459
6,3,4,3,1460
4,13,2,10,1461
14,2,9,7,1462
11,3,7,7,1463
6,7,6,3,1464
11,6,6,3,1465
13,8,10,8,1466
6,8,5,7,1467
8,9,4,4,1468
5,9,2,2,1469
7,14,9,3,1470
5,12,6,11,1471
2,13,2,6,1472
12,11,4,2,1473
15,3,10,6,1474
12,2,5,9,1475
10,13,10,11,1476
10,3,10,5,1477
5,3,3,3,1478
12,7,6,6,1479
13,9,6,7,1378
1,13,7,6,1379
10,7,9,5,1380
5,6,8,2,1381
2,3,4,3,1382
1,14,9,10,1383
2,4,2,5,1384
8,12,5,9,1385
6,14,9,7,1386
8,9,3,11,1387
