10,9,6,8,3928
13,2,10,11,3929
9,8,3,2,3930
5,4,6,9,3931
15,8,2,11,3932
7,5,6,3,3933
14,8,5,11,3934
3,8,3,2,3935
12,1,7,5,3936
1,6,7,9,3937
3,14,9,2,3938
13,5,10,2,3939
12,15,7,9,3940
13,11,5,6,3941
5,3,10,8,3942
12,7,2,3,3943
4,11,4,5,3944
4,7,3,11,3945
1,3,5,6,3946
9,11,3,6,3947
12,3,5,2,3948
8,4,10,11,3949
4,13,8,8,3950
4,3,3,11,3951
4,2,9,3,3952
6,13,9,5,3953
7,2,6,8,3954
6,9,2,6,3955
7,10,10,9,3956
9,14,7,10,3957
6,4,5,4,3958
3,1,3,9,3959
7,15,4,6,3960
15,13,7,11,3961
4,13,6,3,3962
9,2,7,8,3963
2,12,10,8,3964
12,8,10,6,3965
6,11,6,7,3966
3,6,6,6,3967
15,4,9,10,3968
7,9,9,5,3969
1,13,5,6,3970
1,11,10,3,3971
11,7,9,10,3972
2,12,8,3,3973
8,3,5,4,3974
9,2,7,9,3975
1,8,10,10,3976
7,2,10,10,3977
12,5,7,3,3978
5,3,10,7,3877
2,4,8,3,3878
3,14,4,9,3879
10,7,9,4,3880
1,7,10,6,3881
15,9,10,5,3882
8,3,7,5,3883
7,11,5,6,3884
11,15,9,7,3885
5,2,7,9,3886
