13,14,6,11,2908
11,2,2,8,2909
1,7,3,9,2910
9,12,2,10,2911
2,9,3,6,2912
10,3,4,6,2913
12,10,10,10,2914
2,10,3,3,2915
9,6,4,9,2916
11,7,5,11,2917
7,2,2,10,2918
2,9,4,4,2919
10,3,5,2,2920
13,9,6,5,2921
14,8,6,5,2922
3,5,6,5,2923
15,10,8,7,2924
9,4,2,10,2925
9,14,5,7,2926
1,6,10,5,2927
13,4,10,6,2928
1,2,9,7,2929
1,3,8,2,2930
8,13,2,7,2931
14,8,3,4,2932
15,7,3,7,2933
5,13,5,4,2934
15,8,9,10,2935
6,13,8,5,2936
6,10,5,3,2937
12,8,7,9,2938
11,14,10,5,2939
4,6,8,8,2940
2,1,4,7,2941
4,7,6,5,2942
2,14,2,3,2943
4,12,3,4,2944
12,15,8,3,2945
11,4,8,10,2946
1,7,2,6,2947
10,15,7,7,2948
11,13,9,3,2949
11,13,10,3,2950
9,13,6,3,2951
4,11,9,4,2952
5,1,3,11,2953
11,14,7,11,2954
13,7,7,3,2955
1,4,6,4,2956
2,15,4,8,2957
5,7,6,11,2958
2,4,4,2,2857
12,14,8,2,2858
9,10,5,10,2859
11,12,4,9,2860
15,12,8,11,2861
7,1,9,10,2862
15,13,4,5,2863
14,4,6,4,2864
8,7,5,7,2865
10,13,10,7,2866
